3,6,18,54,162,486,1458
5,8,16,32,64,128,256
7,14,42,146,546,2114,8322
11,22,110,418,1958,8722,41030
13,32,120,536,2568,12632,62760
17,-32,128,-512,2048,-8192,32768
19,38,342,1310,10374,53918,386022
23,46,506,2806,21482,143206,1049306
29,48,712,2016,26248,94368,1047112
31,62,930,2354,55242,48242,3974010
37,72,736,6096,62608,661392,7168816
41,256,2496,23248,227232,2257936,22801056
43,86,1806,10574,171054,1345886,19872606
47,94,2162,7990,182642,931174,19279682
53,120,2984,18432,375512,3145440,57101144
59,118,3422,20650,443798,3975658,73699142
61,112,3560,11992,477848,1682392,82218680
67,134,4422,22838,605814,4533734,107491302
71,142,4970,15478,730874,2802982,130258730
73,-152,3576,-34760,585624,-8557832,137225496
79,158,6162,28850,1001562,6070418,200291082
83,166,6806,39010,1227902,8032786,278617886
89,-168,7448,-48168,1068440,-10891368,192261848
97,-176,7008,19792,1287840,11806864,328133088
101,200,7672,5648,1383976,-3992560,337249672
103,206,10506,23450,2143842,5313626,547018866
107,214,11342,27178,2237798,5509354,564984182
109,224,11736,55160,2299176,16708664,549396936
113,664,11896,175336,3232408,57803944,1082192536
127,254,16002,45338,3957066,8303594,1185304842
131,262,17030,89866,4711022,36883402,1585331870
137,800,17440,241472,5405728,96386240,2120223520
139,278,19182,111830,5650350,52039958,2079993582
149,312,21856,75456,6441712,21771552,2438568496
151,302,22650,47954,6426258,7259042,2328893970
157,336,24008,9624,7923512,-8341224,3169610648
163,326,26406,124718,8421558,55852526,3303560406
167,334,27722,56446,8933498,16231294,3653680442
173,320,33232,158192,11608816,64273040,4956680272
179,358,31862,174346,11205758,84890698,4942386542
181,344,32256,81248,10349040,31268864,3897582576
191,382,36290,73726,13971650,21172222,6821945090
193,-400,35520,-77344,12243936,12571040,5371198560
197,392,37032,77216,13327992,13065152,6255695352
199,398,39402,170282,15776322,76561418,7820631282
211,422,44310,263030,18892518,160235462,10198725750
223,446,49506,118538,23068458,26936186,13555404426
227,454,51302,259234,22676846,159418834,12405501422
229,488,51312,115280,23943456,19257008,13894693152
233,-440,48840,-116888,24924744,-40774040,15988090440
239,478,56882,184030,28117394,104781598,17423730482
241,-512,48144,-149024,21776592,-67968992,12931121424
251,502,62750,322786,30297206,203454802,17878421270
257,1544,59208,1001096,32170440,709177544,21551599368
263,526,68906,215134,35655962,128909086,23477616026
269,512,80024,178256,44329496,101136752,30377872184
271,542,73170,200810,38011002,72874682,24774955770
277,536,76128,330848,37626768,244620416,23170160208
281,-552,76728,-284376,37091544,-220105752,22633189848
283,566,79806,486134,45586206,367677206,32787029886
293,552,82056,328704,50007192,249608352,37511634456
307,614,93942,443510,57873798,297200774,43712386902
311,622,96410,284254,59584490,174214942,45582669770
313,1904,110784,1236080,71608320,950049584,55203946944
317,656,89544,271856,51094056,155295056,36952951944
331,662,109230,642470,70651950,642376262,56858326350
337,2040,118056,1179624,78821256,913713000,67271263176
347,694,120062,712738,83958038,685525714,72581096822
349,688,143688,663448,106966392,749881048,94912630488
353,2152,121608,2070088,91529736,2158726792,86713983048
359,718,128522,285046,87546458,134462758,75672733322
367,734,134322,275186,96079866,167696594,87332099082
373,760,120656,755872,88035968,753828640,82150183136
379,758,143262,398462,108567582,234311438,103761233742
383,766,146306,405214,115156610,260490526,113669889026
389,744,156000,430608,128922096,329631504,134051457360
397,832,168472,253768,137471752,65492872,135371945512
401,-800,173728,-55280,134219392,314525200,121801569088
409,2448,163872,1142016,108768000,589155648,90405854592
419,838,175142,961186,144911150,1130962258,151546357742
421,872,175920,723632,158665440,607714832,178484833440
431,862,185330,652534,156834866,727793062,164026958690
433,-832,222112,-337792,203241568,-448091392,225740953312
439,878,192282,486410,167451282,252912458,184268702082
443,886,195806,1080034,177739574,1578473746,204978936086
449,-912,249872,-306288,240452240,224617488,268373988752
457,2784,201168,3234048,181947600,4044501504,201736574928
461,960,199552,1142832,171122272,1546787280,183376107712
463,926,213906,721946,191618106,806092106,212690251386
467,934,217622,757474,209997758,898466194,251872726142
479,958,228962,495286,213548738,163080358,246527925362
487,974,236682,543938,233003202,359786834,286826551842
491,982,240590,1397386,232562150,1836761482,282031013750
499,998,248502,1478870,250139718,2007811238,316350274902
503,1006,252506,544246,251519114,223563046,310063536506
509,1008,282904,491712,300482200,-100196352,385679720344
521,3104,287728,4036496,294157072,5800495184,371154780688
523,1046,273006,1604030,296751246,2892464366,405119434206
541,1040,290376,542696,319522584,467749160,444112145016
547,1094,298662,1376798,322853622,1546350974,433981413942
557,1152,285968,1075296,287384528,1513472352,357484436048
563,1126,316406,1561762,363262238,3045820306,521136334526
569,3440,293328,4551776,300451824,6617337440,387321970608
571,1142,325470,1869926,383105598,3314796902,559051804350
577,3464,319960,2370536,379840600,1861692584,565388818840
587,1174,343982,1839658,393835910,3391223914,560650970582
593,3512,325448,2617400,381139976,1335374072,555893304008
599,1198,358202,763126,435289706,931795558,651823724282
601,-1192,362376,-1023064,418204776,-746339992,619521697896
607,1214,367842,1584986,433285098,2360684714,628111902762
613,1192,364192,1489744,466436944,1832459152,748483102192
617,-1272,377208,-1853592,471288312,-3074431512,742013081208
619,1238,382542,2153462,472446798,3475825718,720980098062
631,1262,397530,921890,500982450,505599122,801555830130
641,-1232,361104,-3036464,435408720,-5811143792,651394003344
643,1286,412806,1382750,525378582,2234866046,848411868246
647,1294,417962,2004406,545171258,3691208614,888006986282
653,1280,409408,1272752,504785056,2742489680,769280773888
659,1318,433622,1590826,584629214,2533087018,982939448942
661,1272,402032,786528,503009120,1309852512,802415988992
673,-1392,531392,436752,744207488,2984176848,1276268382272
677,1352,490144,5408,706279312,-1931306368,1254597556624
683,1366,465806,1468450,638426054,2303351506,1097072029766
691,1382,476790,1654766,643504806,1999675982,1079103725670
701,1392,479384,845808,681813944,-200266608,1230394136984
709,1448,501072,2024240,684005952,3948908048,1172370719232
719,1438,516242,1502710,751359314,1597570918,1374202265762
727,1454,527802,1188770,774782802,1356870674,1431699507282
733,1520,533640,1179656,731330712,1070626760,1224292667640
739,1478,545382,2031110,806859414,4683080918,1492742768742
743,1486,551306,1963006,833198714,3510989566,1590201427226
751,1502,563250,2693666,848502330,6357914402,1587853916010
757,1496,571968,2918624,891989040,6220416896,1729984215408
761,4528,614256,5861728,997710672,9382768288,1952662819536
769,-1488,550992,-1982448,783648336,-3310512048,1413586138512
773,1512,601784,2007600,876975848,4319945712,1619032908104
787,1574,618582,2815214,981850182,5925831374,1952918089542
797,1616,627552,1088192,973002240,1496589056,1871503480512
809,4864,706352,10495120,1166477456,24859551184,2363129094032
811,1622,656910,3635342,1049610798,8993742302,2081698555230
821,1592,624744,3231248,967419768,5009750672,1885393471704
823,1646,676506,1898786,1081012146,4037306066,2148578034066
827,1654,683102,3385738,1094685014,6823041034,2181232865702
829,1712,683496,199400,1085236536,-3246838168,2172729045336
839,1678,703082,1954870,1165087418,2687537638,2396676424202
853,1752,738288,598272,1273035552,-822292608,2697157250688
857,5200,756816,8282704,1344192336,14726274640,2974821120336
859,1718,737022,3798878,1290309054,8407459118,2845586390382
863,1726,743906,2487166,1325483426,5525075326,2936195171426
877,1696,680696,1470472,1103100200,1706879176,2305589465096
881,5336,770696,11141576,1417584872,26706233096,3225738679016
883,1766,778806,3979310,1374486630,11913507086,3007592227686
887,1774,785882,1832542,1365474410,2618109214,2994921160682
907,1814,821742,2194430,1456056078,2969142254,3199408577502
911,1822,829010,2712958,1522650866,3180472702,3488888284370
919,1838,843642,2313122,1583913042,3989149778,3695063328882
929,-1904,857728,-2810240,1635232480,-7375594304,3862740741088
937,-1912,910120,-3692920,1530239848,-5173822072,3198128568040
941,1824,828480,1754640,1531570272,4187613744,3555622679040
947,1894,895862,5013418,1658607998,13828590634,3858958355822
953,5744,1016624,11011472,2053591088,28036870544,5187254228144
967,1934,934122,2473850,1840655490,5066971514,4530751496082
971,1942,941870,5629858,1811173286,18183690322,4380684414950
977,-2016,857536,-2805984,1623228352,-4338893856,3973296201856
983,1966,965306,4484446,1854400010,13218551326,4480782577226
991,1982,981090,4396034,1914380106,11690431202,4652426167770
997,2056,909408,1960144,1804617168,363501136,4467474277488
1009,-2048,1077168,-4843376,2242498512,-14761913648,5788396778448
1013,2072,1087872,4238480,2248846704,10547087312,5705621427792
1019,2038,1037342,6128266,2117141654,18114114058,5420298404582
1021,2064,1106280,5281752,2264336856,14978140824,5828847930360
1031,2062,1061930,2426974,2237870042,6888237982,5877408987770
1033,-2072,1062552,-4740344,2124241752,-11057109752,5375510605272
1039,2078,1078482,2284418,2211929178,-110236222,5650764286122
1049,-2088,947464,-43032,1686347560,6159749352,3769619736424
1051,2102,1103550,4751126,2263898142,12343110902,5844395898750
1061,2184,1205696,6256320,2721222704,23867070624,7578911408816
1063,2126,1128906,5903210,2377597218,16304316746,6237271704306
1069,2112,1038392,1991016,2087306216,1561844712,5434555290632
1087,2174,1180482,3945746,2606041194,10395177554,7264847941242
1091,2182,1189190,6482722,2627365838,22618826962,7226219745710
1093,2120,1189200,-770320,2563180416,-8300527600,6878655879360
1097,-2136,1101608,-5448120,2300980712,-25229462136,6268435203368
1103,2206,1215506,5296606,2625014258,13361180446,7043805982706
1109,2168,1190784,2705168,2582739696,2960962448,6974945403024
1117,2192,1244808,4841672,2794500696,14231754632,7703925656568
1123,2246,1260006,7276118,2887010646,23938851206,8203075315206
1129,6720,1320528,18261360,3015062832,53237011440,8585862943728
1151,2302,1323650,5637598,2997975170,16328566942,8445818331650
1153,6984,1368600,12641064,3139358808,24957925224,9047333260440
1163,2326,1351406,7999114,3157054214,23898041866,9250278892406
1171,2342,1370070,7965302,3160990374,28803388742,9191591224950
1181,2352,1327344,2559408,3048935472,1852646352,8922543165264
1187,2374,1407782,7423498,3262628558,24635185354,9444640440062
1193,-2360,1414872,-2688488,3182371896,5876097880,8877955190712
1201,7256,1529768,19831640,3750907304,53029312856,11553320399528
1213,2480,1467240,136904,3536721336,-7851673720,10707198724440
1217,7240,1454872,17773576,3391016920,55917374920,9768323711512
1223,2446,1494506,4405246,3576744218,10619132926,10584113435066
1229,2528,1533808,9201632,3733366960,36859186208,11388735387568
1231,2462,1514130,4871594,3728578362,11990763002,11417804391930
1237,2456,1528608,8320064,3804906576,24859488416,11856072857808
1249,7464,1450488,22142376,3345001464,77363994984,9900306658488
1259,2518,1583822,5849314,4013029766,18645035218,12650550469382
1277,2576,1669832,-1695424,4337044424,-26769764224,13934736149192
1279,2558,1634562,6063530,4129049418,17827040858,13067213840202
1283,2566,1644806,8362594,4228555022,31739021266,13563845775086
1289,-2648,1678296,-14118392,4218872280,-52739345528,13127994040536
1291,2582,1665390,8967326,4379208846,35493292622,14486977890270
1297,-2592,1597888,-13600128,3802690432,-51500324352,11284808082688
1301,2552,1647168,4756352,4174953552,14690886752,13196296038288
1303,2606,1696506,4950506,4519218354,10721200106,15012709142946
1307,2614,1706942,10118794,4527199670,30823876234,14895637448102
1319,2638,1738442,4339510,4577739866,9009327718,14906467088042
1321,7936,1789808,15850192,4870206032,37621440016,16258765642448
1327,2654,1759602,3797810,4712875002,5325980114,15767067985962
1361,-2784,1753680,-6466800,4568579952,-23392619184,15204542373360
1367,2734,1867322,4136542,5100033674,10626857374,17553208693322
1373,2672,1933200,10809440,5332013232,49291416992,18237910145520
1381,2792,1904880,4343216,5276083872,1736587472,18354080105760
1399,2798,1955802,4217642,5561167698,2691258218,19707423329922
1409,-2768,1959568,1636336,5644582096,35486417392,20463899570128
1423,2846,2023506,10945178,5818553082,51363226826,20816264095866
1427,2854,2034902,10534114,5757514046,43712238994,20239864012382
1429,2904,1969904,7653120,5334126560,19071428544,17976074805824
1433,-2792,2076072,-9992744,5656717224,-34501449512,19036703491752
1439,2878,2069282,5079670,5857579010,10999607398,20746122974642
1447,2894,2092362,4362170,6066122082,10172640314,22108649423442
1451,2902,2103950,12626602,6060470054,58545964522,22022031257270
1453,2912,2109720,11752088,6300080616,46046898392,23612530893960
1459,2918,2127222,10181438,6304376934,46693519358,23372425937862
1471,2942,2162370,7901594,6451391178,25120253162,23989542271530
1481,-3032,2312808,-9090296,6837575784,-32421795512,25441722230568
1483,2966,2197806,13024958,6466416846,64250917166,23672506722846
1487,2974,2209682,4535350,6645887762,12938890534,25071666944642
1489,-2912,2079792,-8083232,5792332656,-22016051552,20310631855152
1493,3000,2275136,4027872,6791480144,3383469120,24950117160656
1499,2998,2245502,13440034,6804695510,55115857618,25772858778902
1511,3022,2281610,4681078,7070062682,4202462182,27396173437130
1523,3046,2318006,5686882,7033058654,16537306066,26524194502526
1531,3062,2342430,12258374,7335122046,46293051782,28492961050110
1543,3086,2379306,5016098,7183143330,609813746,27240877657026
1549,3168,2442520,7012776,7663611400,13012621608,30035075037160
1553,9272,2288488,25442840,6935442280,84523283672,27116807710888
1559,3118,2428922,10367350,7595706794,41559935398,29724277074362
1567,3134,2453922,10060706,7715140170,45049014914,30520820271162
1571,3142,2466470,14651146,7683412238,73075709002,29896614637790
1579,3158,2491662,8701478,7742067534,23439521798,29956230265902
1583,3166,2504306,5474014,7817154770,1149014686,30510762233906
1597,3152,2547048,12124232,7829426808,65224152392,29988683941848
1601,9608,2571944,47110088,8190835688,225856340168,32232498988904
1607,3214,2580842,6212662,8484223994,17971663654,35024743450922
1609,-3224,2544888,-19085096,8368411800,-108891790184,34310705230488
1613,3200,2444632,5105312,7261392376,882851360,26743989293752
1619,3238,2619542,11834890,8578643870,53637379018,34925638759022
1621,3320,2619936,647744,8336315280,-19067661280,33065853122256
1627,3254,2645502,16004294,8514640926,83887953734,34494683631582
1637,3336,2635000,5751744,8688495880,6761086176,35797656644680
1657,9904,2812192,25375552,9635012800,97754516224,41685414361792
1663,3326,2763906,5512970,9119822154,21407708666,37397382601866
1667,3334,2777222,8825098,9133763054,36172227274,37369687819742
1669,3368,2782992,12849584,9462092160,71729378768,40274998681152
1693,3312,2750728,5341368,8788435384,7416182712,34533331826008
1697,-3312,2851968,-11179152,9845480448,-20976231312,43124193247488
1699,3398,2884902,16649702,9788717142,84704882678,41477385577062
1709,3488,2763680,7083296,8828763104,31902865568,35714615605280
1721,-3464,2720376,-8761544,8488569912,-37104605384,33768913893816
1723,3446,2967006,11256110,10242714654,38886700766,43832538441006
1733,3432,2917216,7128384,10233388048,14750984352,45360601729936
1741,3424,3193112,12175432,11141042888,38016944584,48121957005032
1747,3494,3050262,18069350,10439516454,78520495574,44688557024022
1753,-3560,2932584,-19998392,9620728776,-99811671800,39521023508424
1759,3518,3092322,7511042,10899590730,22499161058,47980385350362
1777,10584,2969640,45071352,10567256040,208712454264,48649633989480
1783,3566,3177306,6835466,11416103250,14791864586,51359120012226
1787,3574,3191582,11904994,11172727862,45974929234,48948688102262
1789,3568,3198632,18124792,11762118488,102057397048,54206231934392
1801,-3672,3644680,-1488600,13580365576,6505790568,61710779659720
1811,3622,3277910,13412266,12033808862,47898242602,54940246313390
1823,3646,3321506,9935350,12017795714,32059404646,54075428165426
1831,3662,3350730,9289994,12339969570,37671671402,57034144722930
1847,3694,3409562,6963190,12581479562,18756366694,58272760616282
1861,3784,3308736,9628528,11597396976,20198333104,51244037642256
1867,3734,3483822,18535694,12738096654,108587496734,58163222209662
1871,3742,3498770,9164158,13036615346,42573784702,61059160482770
1873,-3680,3496944,-23187584,12909881712,-124548538880,59909458493424
1877,3672,3724752,15861120,14246046624,78962187552,67747198122912
1879,3758,3528762,7993202,13096836690,15113606978,60320700731922
1889,11368,3847384,40336072,15155399320,115902946888,72967223818264
1901,3872,3683040,14319152,14561208384,76861200272,71710415803680
1907,3814,3634742,10095658,13725659198,32108232874,65174379593582
1913,-3912,3660328,-25477032,13325670952,-151859677032,60719695276648
1931,3862,3726830,22179466,14562555398,138822780682,71383176839030
1933,3840,3548312,20122920,13346928776,106419259560,63822960960872
1949,3984,3773664,20016912,14723978592,97518663024,71784853304064
1951,3902,3804450,10435898,14955503658,32138396042,73490888302890
1973,3992,4062264,11761712,16503374856,28726798832,83380733559144
1979,3958,3914462,17743714,15577425398,105311145298,77900095016822
1987,3974,3946182,19190030,15884908566,115434397454,79742317435062
1993,11872,3679712,51318832,14370796352,301329771952,71308856089472
1997,3936,4094480,13911696,16929177392,34937181936,86874157174160
1999,3998,3994002,8363138,15913075482,15184097858,79552069115562
2003,4006,4010006,23871754,16219320542,150506630986,81888810766286
2011,4022,4042110,23728046,16194490494,130122948062,80495835005070
2017,-4016,3916224,-19345760,15770604960,-80353593056,78433499849184
2027,4054,4106702,24206434,16825368902,145138419154,85781008642022
2029,3968,4106712,-5355112,17064516072,-97346473192,88573731703752
2039,4078,4155482,9644470,16591795658,6713927398,82621716349082
2053,4072,4178752,20456848,17226425776,119495522512,90110798115472
2063,4126,4253906,9114334,17371281074,1885271326,88337335164146
2069,4088,4392056,11511056,18254141576,30601625168,94738385213096
2081,-4080,3953200,-9007632,14255664304,-58081927440,65077211216560
2083,4166,4336806,21002558,18182727798,110894479646,95000082921846
2087,4174,4353482,23745886,18103652282,151306776094,94535917741082
2089,-4088,4426488,-1680344,18155048760,46866741352,92807645618808
2099,4198,4403702,23202346,18408217406,119800992298,96908641788302
2111,4222,4454210,9073078,18659141666,34027885222,97617137506610
2113,12744,4849848,33764184,21552738840,75547416024,120205024705368
2129,12728,4985992,84349736,22631010856,506339326568,122068009395112
2131,4262,4539030,16846358,19302295398,113439988262,103445621779830
2137,12880,4580240,48191968,20403059888,263288081440,114313023306800
2141,4272,4650152,7209888,19904371880,-11000645088,104972685139112
2143,4286,4590306,13906706,19515473802,69371591186,103691443814586
2153,12992,4732528,47560976,20390959504,210868902992,109236785887888
2161,-4352,4507824,-26320880,19428194640,-164710895792,104307626654544
2179,4358,4745862,27440702,21043740438,179072531678,116568878711382
2203,4406,4851006,25260110,21070747710,159840849086,115372858060686
2207,4414,4868642,10386142,21289953506,-8606397026,115942221529442
2213,4520,5169584,27935408,23745771008,155078629040,133778776966304
2221,4352,4922520,10007384,21870146856,62748005912,119580983846280
2237,4496,4947760,1317056,21835233808,-77735711104,118406106383440
2239,4478,5010882,12472202,22149670218,60360228218,121685778930282
2243,4486,5028806,12735754,22630672238,72314316106,127522019104766
2251,4502,5064750,29533526,22929825006,182245736342,129896225837550
2267,4534,5137022,24243298,23388117590,138436611154,132620318808662
2269,4464,5285832,17939640,24490797432,62016890424,139573354716312
2273,13544,5359144,55438136,24734232904,314231779064,142531095580744
2281,-4472,4788696,-8556872,20342017656,-57368064392,106395652891896
2287,4574,5228082,19122746,23667280218,81520991594,133329143416122
2293,4632,4849872,13660224,21040992384,64290636672,115182306997152
2297,13744,5298112,69711520,24989528032,480012321184,147167578689952
2309,4712,5264920,27892064,24332434792,173743924352,142957565668840
2311,4622,5338410,27861530,24365959170,192814728602,138685419568050
2333,4752,5321176,26411040,24873979288,129567586272,146072067760216
2339,4678,5468582,32310946,25295466350,217874880658,146668017185102
2341,4712,5477040,28411856,25667265888,217622210672,150506944935840
2347,4694,5506062,32225030,26210643534,228402105254,156287823620142
2351,4702,5524850,31545718,25965981554,214333709542,152202091737410
2357,4632,5527512,23226048,26462228424,141468016992,157774441463112
2371,4742,5619270,19736366,26288552598,112555763822,154808023769910
2377,14304,5393136,73714800,24486325968,367620717744,137578835341776
2381,4832,5471400,17048096,25727521224,62584696352,152324122994760
2383,4766,5676306,32591786,26624262906,234284737466,156203475393306
2389,4728,5740656,27795168,28218599328,197707363488,172327562335296
2393,-4712,5834632,-4507400,29378660296,48230510008,183528796331272
2399,4798,5752802,12210910,27276510050,23366748958,161583898042562
2411,4822,5810510,29081482,28050118886,171576596362,169798328846390
2417,-4736,5884752,-21099056,28218972144,-92593065776,170053572668592
2423,4846,5868506,14542846,28456734506,51141063166,172618369521866
2437,4776,6199872,11158512,30973577904,74548836336,192899061669072
2441,-4824,5698648,-9314520,28465592920,51015101736,175657056731608
2447,4894,5985362,12690142,29836755506,45152902174,186287013189362
2459,4918,6044222,33378466,30305035670,251696863378,190152952349462
2467,4934,6083622,34541798,30425140950,255453350774,189038941208742
2473,-4920,6179048,-23408088,30595620968,-180920853720,187837113846248
2477,4992,6012712,-6702384,29781769192,-199982751888,183299620319752
2503,5006,6262506,30793106,31190538786,222823443266,194187021648546
2521,15056,6611728,85076288,33092993008,653042826176,206290229854768
2531,5062,6403430,31075618,32830092014,227553113362,209158085843630
2539,5078,6443982,35571902,32591848110,261928191278,206129775821502
2543,5086,6464306,19535326,32841924434,62576676766,208293222685586
2549,5112,6433480,-1200384,33089690296,-66996333408,214994973028600
2551,5102,6505050,23078594,33043893810,109296897842,211098877810290
2557,5072,6533928,29714792,33207181752,129849695912,210454040836248
2579,5158,6648662,39340066,34550868158,346471953298,225652210352222
2591,5182,6710690,13436926,34647178466,47201670142,224917201567010
2593,15592,6589912,76385944,33748215160,400705362712,212997285785272
2609,-5312,6723152,-17695040,34715387792,-5457691712,221901412235792
2617,15600,7041504,121954224,38513596512,955957605360,258832829410464
2621,5264,7055248,6699440,38043835792,-60196427056,255171461922928
2633,15712,6672208,86088304,33421996336,588935508592,209695708285168
2647,5294,7003962,19408370,36742895826,84259468034,241446396045522
2657,16040,7431304,66701528,41115757480,418558149080,281954122551784
2659,5318,7067622,33982142,37762272438,245599896158,251618598024822
2663,5326,7088906,26464894,37420534586,156810069886,247372534970426
2671,5342,7131570,19652930,38371388346,152319452162,256662969695850
2677,5432,7157568,25830752,38839838448,84149785472,264197927589168
2683,5366,7195806,27476150,39032096190,279269323286,264196038148446
2687,5374,7217282,37859830,39085139618,303991909414,265452325974482
2689,16200,7252248,58197000,39264113880,280824704520,261030089340888
2693,5480,7283808,32004752,39450660144,206361761360,264720064848528
2699,5398,7281902,34369066,39382992902,258573994858,267258403028342
2707,5414,7325142,40998974,39886632582,298166987774,272068067565222
2711,5422,7346810,17832958,40130103434,100287500542,272516122921130
2713,16272,7299648,89128752,40809434880,661896373872,291974416271808
2719,5438,7390242,16830410,40134413994,146429464058,270611154692202
2729,16384,7692240,90562768,43717130928,667786346704,309639333496560
2731,5462,7455630,43843166,40528067310,401730380942,274017472347390
2741,5432,7288560,-760912,39632411808,-150535622608,272609568547200
2749,5584,7722792,24324184,43274244888,186888943384,301034512352952
2753,-5520,7419056,-12796416,39596489360,13726129920,263414916011216
2767,5534,7653522,24812666,42440838138,161160115754,295628062025562
2777,16720,7712208,89834128,42616884240,565570565200,293213645394768
2789,5544,7752264,18323472,43072524216,66885460944,298002899546904
2791,5582,7786890,15866834,42979563522,44417577602,296168228600130
2797,5696,7810008,1103288,44596819560,-129304013704,318371543341128
2801,-5504,8334048,-46995008,48828522912,-378981433664,348042068167968
2803,5606,7854006,43835774,43962706086,359370967166,309114035883846
2819,5638,7943942,44354146,44623625486,323013390418,312022990718702
2833,16952,7953224,94539896,44364183752,696511527032,312542947722824
2837,5592,8084400,18263616,45428793408,84432008352,316811611436160
2843,5686,8079806,36953314,45866738774,275495616466,323258143020086
2851,5702,8125350,40246286,46016559798,292339506062,325293525170070
2857,-5816,8327736,15086824,47085885624,213402512104,329666576592696
2861,5760,8409896,9828048,48818124968,-19139841360,354173017764296
2879,5758,8285762,19905406,47110752578,114907770238,333768255632642
2887,5774,8331882,38056370,48853253922,339559617314,356161636720482
2897,-5856,8274128,-15108432,51366133232,-75976049616,400291018208048
2903,5806,8424506,17075446,49561241066,71908746406,362709480757946
2909,5712,8145600,40721856,46235462688,328506349632,331672457206560
2917,5832,9019360,39413616,54298721488,324180820272,400992841950640
2927,5854,8564402,24733150,50568859922,129524700574,373360154011442
2939,5878,8634782,51744034,49970905910,474823105618,360863010964022
2953,17824,8823520,134781712,52503622336,1125922872784,392808183169600
2957,5856,8311720,10189872,49015231336,69458883216,367731759329800
2963,5926,8776406,32112994,52773667070,245689794706,398296477908926
2969,-5864,9577496,-43396472,58053179768,-338284300664,426285232339256
2971,5942,8823870,47503646,52841665278,441021165422,394739833615470
2999,5998,8991002,18215926,53158228682,58141209958,391013401972922
3001,17904,8581536,137409840,50833610976,1225500087024,380440980659616
3011,6022,9063110,47158282,54530010926,405363202762,408447427229150
3019,6038,9111342,40310510,55540259214,339809330558,423644734250622
3023,6046,9135506,20248054,55251969554,98651421286,420074271707906
3037,6096,9219848,54039672,56807433080,430393692216,436552333816088
3041,-6192,9052240,-50212896,54334972912,-547135895712,410744490430000
3049,-6008,9860280,-39462008,61311707256,-356041539128,466616257926840
3061,6232,9599440,8291488,59756110336,-107087182688,462937993295200
3067,6134,9403422,52926494,57950087838,437317384814,446724311710542
3079,6158,9477162,19505066,58624301634,83051316938,453948342302802
3083,6166,9501806,53391394,59147385830,521732741266,462697274117606
3089,18424,8433048,110097352,48603302712,873784109704,359299461765048
3109,6312,9405216,23815152,55722626064,95418791472,415787917639536
3119,6238,9725042,57420790,61518600818,591264564838,487642281211202
3121,18648,8817384,124625400,53697481896,1127066464248,420712651700904
3137,18824,10172616,121850936,64162541544,995663199224,511793088677736
3163,6326,10001406,25524854,63840151134,179456270486,510172111184766
3167,6334,10026722,25773046,63866779778,165419253094,507512463607442
3169,-6448,9906208,-22520800,60705068608,-75051578848,465420628317568
3181,6272,10107480,33940376,63686366568,288531812312,498830233797960
3187,6374,10153782,60535958,64361802822,562650851174,509071978782102
3191,6382,10179290,20607478,65678049098,85008167782,531199668776090
3203,6406,10256006,30793642,66368395694,241248242986,537590389603646
3209,19360,10458208,139241008,68825639872,1199553995440,557686381385728
3217,19320,10180776,144813672,61466775240,1365504318120,473640136719816
3221,6552,10617200,34597488,69465109856,346206579312,562978551154880
3229,6512,10420296,25401320,66308547672,201034255592,531132704585976
3251,6502,10565750,63322978,69017878238,678818322322,565102288535390
3253,6392,10565760,20035616,67129709232,17209990592,540506766385200
3257,-6536,10845160,-7933448,73355523688,98671855864,613880346473320
3259,6518,10617822,51234398,69793055838,437380233518,575290687724622
3271,6542,10696170,22079186,69416632098,54656475842,564120435142050
3299,6598,10880102,39634186,72305298062,304432882378,600052526678462
3301,6504,10408352,24729648,66235605584,112562438064,529447414842032
3307,6614,10932942,46030478,71546581230,407448190814,587302785310302
3313,19992,11062536,146640840,73271339112,1318747840392,598571435898216
3319,6638,11012442,40524122,72508407378,375119777018,594244479663042
3323,6646,11039006,58265482,74311112534,562585243786,628609798971206
3329,-6608,10262000,-18112400,65140005104,-40391850128,531913640727920
3331,6662,11092230,65290166,74167626294,748723731302,620702842017510
3343,6686,11172306,38364458,75358728378,292356133946,632605954272666
3347,6694,11199062,65915818,74167518494,653999162794,614133402675662
3359,6718,11279522,34429750,76787700674,249960660838,652317418142162
3361,20136,11219640,139661544,74556022584,1062733050216,610458445539000
3371,6742,11360270,68168362,75344229926,712319688682,627585028748150
3373,6752,11373720,50241176,78478978536,305578212632,677083647623880
3389,6768,11454720,-7619472,77670092928,-186967811952,657466345841760
3391,6782,11495490,31856090,78058507338,123050789162,659647814074410
3407,6814,11604242,23474230,78429078674,21680301094,658784318620802
3413,6840,11208096,-17499120,76729706832,-590147382960,666352707103536
3433,20544,12028944,138940176,81610270896,1093994909904,686259000798384
3449,-6984,11395560,-24376200,75576761640,-26398413384,640557264837480
3457,-6992,12335136,-28122848,88478311680,-262942974752,789061093769856
3461,6984,12054280,30002928,82971327928,101469730224,705025961547160
3463,6926,11988906,49866026,83339996994,570750811466,723562974709266
3467,6934,12016622,65366818,82779929510,500954216914,709137026368262
3469,6848,12022392,43313432,82585983432,200180837528,707949560356392
3491,6982,12183590,73024738,84384766190,751344886162,731253865217870
3499,6998,12239502,70541510,84899882958,739901094758,736754720274222
3511,7022,12323610,27366746,87285812370,116869666682,772775229150210
3517,7152,11901672,-1814952,82780095000,-262266814248,726369087727032
3527,7054,12436202,31242166,87549472442,127718284774,770808003401162
3529,-7128,12648840,-17611032,89961661896,-50809722648,795190337651400
3533,7040,12477880,21208688,86609303800,33683537360,747899154189400
3539,7078,12520982,68253154,89416579262,787075449298,796264107163262
3541,7032,13269168,28404480,96571942560,188422564032,867837136140288
3547,7094,12577662,65009750,88700630622,605421317174,781488990572862
3557,7016,13065928,57478976,94911823960,606261207776,849616040376088
3559,7118,12662922,25761794,89107957122,56736848018,778666948518402
3571,7142,12748470,42926990,90310997094,317136226862,796017658634790
3581,7280,12748760,69395552,90969207896,688248661280,816106373328920
3583,7166,12834306,26452946,91928737194,25436218706,828308262647226
3593,21664,13254160,119064448,98673773776,891713834944,905168210242960
3607,7214,13006842,50580026,94859937522,422402022554,864094135481922
3613,7312,13273992,43848952,94440374328,258759659512,842355774088152
3617,-7152,13536752,-99897360,99504658352,-1211396237712,904897711808432
3623,7246,13122506,47396086,94873059098,348414754726,857413237490186
3631,7262,13180530,44549114,95212161882,314515776362,856573396146330
3637,7352,13218048,44834432,96202798896,423331702112,874468776175728
3643,7286,13267806,78748358,96127964862,839602822406,873753300090366
3659,7318,13384622,73201954,98582892902,836601605458,906460152102662
3671,7342,13472570,48376438,97716403370,433054462822,883748166559130
3673,-7272,14091112,-75590760,111142625128,-788339040552,1096645281196072
3677,7472,13855720,76153760,105153510760,861300387872,986400540672040
3691,7382,13619790,72971582,101546120238,871492352942,949963213573950
3697,-7296,13529568,10914720,101123387808,563242041504,958687969876128
3701,7512,14125720,59629152,106771869256,406172100672,1004803993490440
3709,7312,13979112,18464248,106654143192,-53076368648,1001793725159352
3719,7438,13827242,37316446,101930433818,208717203358,936814583681882
3727,7454,13886802,55609850,101954641722,441118870634,939098720431002
3733,7352,13918560,26495168,103983242448,88796980832,957154439137680
3739,7478,13976382,62339990,103324879518,475395520118,957085206477822
3761,22616,14345000,237934520,107659683752,2414287811576,1019327353553000
3767,7534,14186522,32735230,106084649258,139440957694,995330256018602
3769,22640,14767152,153090080,112471492560,1043843517920,1074927470987472
3779,7558,14277062,85669930,107878394990,844499695018,1023174445356542
3793,-7520,14435664,-699056,110068364784,655392147280,1049733756272304
3797,7512,14801576,49963920,112391215160,588221817552,1056848707555736
3803,7606,14459006,80920234,110469551606,819530089066,1058452056792806
3821,7520,14825880,77630384,117057252504,805323812240,1158545761757880
3823,7646,14611506,31227890,112612390650,103173561746,1086154507188426
3833,-7560,14785496,-52841160,114309244568,-499185303240,1110890802056216
3847,7694,14795562,54990506,114156485826,370432845194,1104173512982802
3851,7702,14826350,84437026,113116570598,957426088402,1077652868847590
3853,7712,14841720,49859096,113333863944,521240920472,1075607867745960
3863,7726,14918906,52390006,114495511082,531806959846,1102712404255226
3877,7816,14465120,43676464,106769764112,281495172016,992547860336240
3881,23168,15848832,249811472,127908886752,2853158200208,1264157544638112
3889,-7744,14346592,-90830752,111485122144,-1082526523744,1096704086902432
3907,7814,15260742,89075318,119627784438,1072413298214,1170974991637542
3911,7822,15292010,71156734,120260895578,697467753982,1177005213153050
3917,7712,15762792,35254640,123060350760,209358202832,1206586620763272
3919,7838,15354642,38560970,120378535674,134722769498,1178529747682842
3923,7846,15386006,54663082,120299556062,414056028586,1181538467803406
3929,23504,15430176,228811808,121809245568,2691860606624,1194855646869696
3931,7862,15448830,60483686,122610193566,594894731942,1209563151813150
3943,7886,15543306,39912386,123526485378,288393506066,1230024216606786
3947,7894,15574862,55565866,124709735654,529383163114,1241774215357622
3967,7934,15733122,41857178,125920791690,287351639594,1262870682917802
3989,7928,16256664,39733088,133830541320,216140226368,1364420744726664
4001,24104,16394776,280725752,127499319544,3403203103544,1239135312155896
4003,8006,16020006,72834710,126423522582,768470202566,1243303978962246
4007,8014,16052042,60978526,129136401914,579811730974,1297495228275962
4013,8000,16035272,-22907728,129002015432,-598634829040,1279401240198632
4019,8038,16148342,96512266,128858311358,1189197098698,1281719759482382
4021,8120,16158336,26995424,129954044208,165969209600,1316923791871536
4027,8054,16212702,34540910,129126342942,193121211614,1292559747898542
4049,24184,16719080,213540376,141304231976,2070965663704,1468783611651560
4051,8102,16406550,96208622,131589062406,1172858712782,1323965879719110
4057,-8232,15917112,-87393960,123135641208,-1187471474472,1200301071839352
4073,24512,17301760,267151376,147142923808,3250182901712,1534072800305440
4079,8158,16634162,90855646,134547275282,906737663518,1358938183472882
4091,8182,16732190,61127722,137346202070,715521728362,1405813127220230
4093,8240,16745640,82306184,137861092344,738043570760,1408292775955800
4099,8198,16797702,98185910,138249047094,1223134574438,1422773648834022
4111,8222,16896210,38602226,140496771354,222972689042,1457965179495690
4127,8254,17028002,34080766,142354550690,241487394814,1491435544229762
4129,-8304,18693168,-138759024,159235405872,-1807364118384,1655213594448048
4133,8232,17473168,38877024,145076690368,210997492992,1491289682710528
4139,8278,17127182,83301514,139685430566,1008936056458,1429916621509622
4153,-8392,16515752,-41719384,134725413512,-341385652312,1362276914675912
4157,8432,16564192,73110176,133571378944,585229758752,1361258970754432
4159,8318,17293122,34546658,145903667370,51390128258,1546847782819482
4177,25080,17077320,201514872,145498654728,1971008274360,1560992903993160
4201,-8504,17320728,-33047528,148050179832,-123400647464,1598998781467128
4211,8422,17728310,98192098,150657763934,1106435159122,1592015450475710
4217,-8456,16639384,-8208152,138473046136,222416892904,1458217794213304
4219,8438,17795742,67120070,148758404478,572222218118,1544926771265982
4229,8328,18100136,95881968,156585283544,1174967740848,1680402537938936
4231,8462,17897130,46468730,151428023106,334303937402,1601551641879570
4241,-8352,17869440,-62539056,150709124256,-1011189768432,1573391145273120
4243,8486,17998806,98506598,153719349990,1221340398806,1636145472729366
4253,8400,18174592,66822960,156220609600,755037479760,1681987163743072
4259,8518,18134822,85818850,154792068782,1019471421778,1650247370959022
4261,8392,17794080,24836848,147442226064,198730340272,1522244980896240
4271,8542,18237170,41420158,154484794898,121710916222,1642623520566290
4273,25752,18153768,296647224,154778913192,3575502654072,1653328394606568
4283,8566,18339806,89900170,155781832790,1172474678026,1646825254273766
4289,25864,18195720,209807848,152274303432,1787691611944,1581662512538760
4297,-8472,18005880,-70325400,153736555896,-272741467992,1627711525168440
4327,8654,18718602,40087706,162960280674,336851173274,1781813282252082
4337,-8576,18891568,-93732080,168191353168,-799481076656,1873589098644688
4339,8678,18822582,105894710,164037396294,1255243464518,1787468777902422
4349,8784,19597896,45552528,171720944808,281802386544,1867187267707656
4357,8712,18630528,113768976,158862564528,1361015394192,1698967856500368
4363,8726,19031406,100425398,164890169646,1197538581686,1784049471320046
4373,8792,19571432,19023680,172332943448,-255385852768,1909900838305112
4391,8782,19276490,58813054,170962030586,564147947902,1891383472414010
4397,8672,19068096,101636768,169968572160,1466122333472,1879195623575616
4409,-8712,20594312,-101975640,187033793384,-975869117592,2135505744845672
4421,8712,19099504,86116896,166714282336,1090665304512,1820908807026784
4423,8846,19558506,40678730,171061745346,181944811946,1864174373235186
4441,26704,19527440,291810592,178104588464,3716127200224,2048857274371760
4447,8894,19771362,50682458,175948178730,511295199914,1946994229744842
4451,8902,19806950,108168202,177510553550,1367130165322,1987921542517790
4457,-8952,20643816,-78810984,191437668168,-607180491432,2190991250168136
4463,8926,19913906,78736246,176232864242,963297469606,1954502387142626
4481,27016,19989848,279759736,183078034808,3503305213816,2085559581806648
4483,8966,20092806,98501414,180165036534,1142563842806,2013106665096966
4493,9120,19517608,120194592,174994398472,1607616770400,1969464019814728
4507,9014,20308542,96178478,184862979006,1028696255774,2107292042836302
4513,26984,19939320,273656072,180340738680,3574971988424,2061411993520440
4517,8936,20967344,53732576,188254118816,506619780416,2103963515980064
4519,9038,20416842,41069066,182493623970,109781397098,2046197637326322
4523,9046,20453006,87556234,182946530150,813194981386,2044473158770646
4547,9094,20670662,108318634,189380994926,1679257777834,2164079666940542
4549,8968,21181440,-4617872,196555008624,-411021569552,2268457557123600
4561,-9184,20072256,-97531552,177319172544,-928476611104,1982540233761216
4567,9134,20852922,48364466,190005605010,624784610114,2161368859684722
4583,9166,20999306,43346014,191945380154,228203026846,2191617695530106
4591,9182,21072690,82199810,194892164538,823761703682,2257311121093290
4597,9112,21194640,77981056,195546013056,909761045632,2268804884810400
4603,9206,21183006,126571478,196497402558,1872364283126,2285068516596126
4621,9120,20890520,47053512,192894379400,54860614920,2233548747527720
4637,9392,21038056,102952208,194507182216,1155537113072,2275513785588136
4639,9278,21515682,107132402,198747480138,1372658108978,2282413461091002
4643,9286,21552806,123865954,201148401134,1873263419026,2344592550913166
4649,27904,20466048,342025600,184080001344,4707337276864,2090183644320768
4651,9302,21627150,97025246,200210341230,1223886562382,2310202950340350
4657,27864,21020136,290822424,182003173416,3514313184984,1974064220196456
4663,9326,21738906,68749946,204144190866,787466391386,2395861179936066
4673,-9360,20717488,-48316272,192470152240,255676942800,2215400513537008
4679,9358,21888362,52226998,205654954682,237999437158,2413810054490762
4691,9382,22000790,115802026,206269696670,1471316713642,2413951533266030
4703,9406,22113506,49673086,207329149538,265767055486,2422722977246786
4721,28376,22130904,368703368,209576918520,5009457272456,2526953431341624
4723,9446,22302006,111351974,210355779462,1752914121686,2489450788574646
4729,28464,22200672,400981488,210628362528,5735694944304,2499514763233632
4733,9392,21860984,35527712,203274211256,-106144834528,2380648417405304
4751,9502,22567250,86553718,213426236882,940595161702,2529962868676610
4759,9518,22643322,57571466,218115239922,586133987018,2614681898502402
4783,9566,22872306,56480546,221156918394,209959283426,2660432632460586
4787,9574,22910582,135634858,218844224894,1890790444714,2618781843509102
4789,9688,23607248,-1549952,229449863360,-838522188032,2777638878014048
4793,28784,24511392,291030848,251102043648,4212186662144,3160932499694592
4799,9598,23025602,58519006,219844253570,741709656478,2634452913395042
4801,28936,23264120,354109912,225394278104,5044745583256,2748727018976600
4813,9760,22680152,48839656,219778697288,705376555240,2645539020693032
4817,28984,24931672,231031192,243585830680,2521130516824,2923041343958872
4831,9662,23333730,81736106,226742666154,1010876193242,2762248853243850
4861,9584,23605416,37290344,228007142904,226763172584,2734018652005656
4871,9742,23721770,75880438,232243931642,867236061862,2837093167147850
4877,9632,23687336,107780096,231673029704,1544657203712,2795130216624776
4889,29200,24113152,254229808,232150522048,2444725280560,2752031777467072
4903,9806,24034506,131624258,234808268802,1819542472466,2865366052998306
4909,9824,24093336,144436760,234687974760,2238390736664,2861024174712456
4919,9838,24191642,99412990,238186824362,1418695265278,2928177607391402
4931,9862,24309830,88590346,242229625454,1164925826122,3022477975244990
4933,9800,24325200,74550704,241276960128,827175495440,2972005507417920
4937,-9816,26044680,-96443688,271777445736,-792629434536,3521594300881320
4943,9886,24428306,57783670,240962224082,427392615526,2973652087883426
4951,9902,24507450,49833146,240710955954,695426127962,2943692340565890
4957,9776,24547848,12605864,248728888344,-798877682584,3142981287382968
4967,9934,24666122,58302646,242407193114,673440504934,2967913453991402
4969,29888,24441040,290096864,237151686544,3150077775968,2878919514824080
4973,10080,25026072,125378448,245305704408,1884519188400,2992058194205112
4987,9974,24865182,124802654,246666405534,1689070295534,3068373627340302
4993,29832,25002456,281086824,250879781208,2988482344872,3169796699056536
4999,9998,24985002,56597522,248848850274,211888397378,3102141832096482
5003,10006,25025006,144276514,250117590566,2103891595666,3120014750728646
5009,-9888,24593232,-127152720,240135543216,-2062115024208,2953500206649072
5011,10022,25105110,149977382,253811248998,2428552370582,3194700409656150
5021,10064,25164768,30899840,259469373504,-207017566336,3314096274952128
5023,10046,25225506,51952466,253931004042,482215037906,3197437943601306
5039,10078,25386482,52254430,256392775442,47539508638,3235657568420882
5051,10102,25507550,150024802,259372496822,2495003017042,3279751501171670
5059,10118,25588422,149554670,258811893654,2306338274798,3272721001733622
5077,10296,26481776,14286144,272205612704,-762310549824,3497711078318336
5081,-10280,28040968,-26840216,291042458344,727005529000,3730450982008168
5087,10174,25872482,88401886,260063545442,1017195977374,3257855721121922
5099,10198,25994702,155856034,266713525574,2389307691538,3414752815756262
5101,10304,26004696,76558616,262096106472,411281359064,3314311412712456
5107,10214,26076342,85885430,265873371846,824271423494,3403167201224982
5113,-10120,26237928,-100049272,271324038984,-814065651640,3501039342439368
5119,10238,26199042,115076378,268596909258,2020015433258,3435692119596042
5147,10294,26486462,114335458,276248311958,1562247400594,3617653539843542
5153,-10352,26051712,8513728,270601505376,1884066181888,3506039815816032
5167,10334,26692722,73273226,273453544026,554235872474,3489400449709722
5171,10342,26734070,136090378,277806359294,1711036337482,3612479480820590
5179,10358,26816862,71298950,277031390910,558849384518,3592903580914302
5189,10344,27791128,59530416,287400620296,394246204464,3697285458064168
5197,10336,25503512,141918184,250724462792,1948595673256,3122642250266792
5209,-10408,27002168,-143880328,278252664056,-1490072576008,3587379886450808
5227,10454,27316302,151129310,287218433454,2237210703374,3791130671942142
5231,10462,27358130,139489846,284018934002,2024443746982,3688925841096290
5233,31384,29010248,230897032,309592795880,2567045920264,4073242635762728
5237,10616,27442664,162528944,294691040504,2570058528176,3964301761134104
5261,10560,27671416,-12781968,289818203512,-1189180061040,3828012244419736
5273,31504,28360832,400863856,299075552384,6282054295024,3894862388162432
5279,10558,27862562,101747446,294376625090,1172524262758,3890245597522322
5281,-10480,29907936,-129764320,328156236288,-1938148737760,4419571218964416
5297,31640,27731640,297924920,299685432696,3773044950200,4043099783040120
5303,10606,28116506,56646646,298131467594,481301806246,3937356525535226
5309,10512,27829160,103332576,296616333416,1169939285472,3968053980340520
5323,10646,28329006,133596998,303060161070,1916544419366,4055885243114766
5333,10520,28670224,166647920,309293383744,2771901648560,4161150654623584
5347,10694,28585062,150030638,301907628918,2204391593774,3978696519138582
5351,10702,28627850,71157598,305017905338,-149177162978,4082434753595450
5381,10632,28416304,142745616,307734409024,2438323636752,4224399850253344
5387,10774,29014382,132207754,311866886726,2085236705674,4201103389741142
5393,32504,29525272,327625496,322121137240,4156546917464,4381508098388632
5399,10798,29143802,61818550,314999115626,723256476838,4256973566121242
5407,10814,29230242,66752066,313491750090,153267470114,4215850852194042
5413,10952,29279280,86952176,320858384544,612141636752,4431961315350240
5417,32384,29664944,391319360,322370959088,5742978888704,4342800958167344
5419,10838,29360142,155140550,320525840718,2534654337638,4388299841545902
5431,10862,29490330,156624266,322657350162,2224184845322,4405231891235970
5437,10736,29536488,24363368,316002994488,-677174043544,4229254895844888
5441,-11024,27711216,-184973792,297231338640,-3156053052704,4028704770705936
5443,10886,29620806,178085390,319772080662,2644040318606,4309162142949366
5449,32608,30129312,387728080,330785972160,5846237831248,4497388795078272
5471,10942,29926370,126456694,329745299906,1588232189542,4545378735060530
5477,10952,30079680,24230240,332151999408,-489726017728,4571830368680880
5479,10958,30013962,89232770,330863824770,1100482587218,4562411375191362
5483,10966,30057806,146670250,330709568486,1837011939946,4537661569459766
5501,10992,30871512,20638752,345384953688,-202627910688,4790208059322072
5503,11006,30277506,66129026,330753489642,324312788066,4515355970627226
5507,11014,30321542,143743714,334081373006,2173553221714,4616784564929102
5519,11038,30453842,118161790,339554918642,1840005736318,4719677743219922
5521,-10912,28782320,63125360,310891041680,2238500098928,4316466638883920
5527,11054,30542202,97614626,333960607122,1207136204114,4580070658725522
5531,11062,30586430,153662242,338427299222,1931268568402,4673098864229270
5557,11096,30874368,128217920,336976786416,1768396717856,4600576644891888
5563,11126,30941406,172464638,341975467230,3250936204046,4727043131736846
5569,33288,30106968,445538184,321000955416,7970235401928,4316028919330008
5573,11240,31445176,80056352,349552776520,656122463360,4853083771029256
5581,11232,30244120,138667848,333310912456,1735747993032,4620517171730920
5591,11182,31253690,72604726,350708524394,649745527462,4923566825752250
5623,11246,31612506,93282626,356763594354,722374422386,5039036598041106
5639,11278,31792682,65243230,362319497882,-8702425442,5167243443183962
5641,33696,33021072,478727424,376499018640,7066478347776,5388887506144272
5647,11294,31882962,67263770,356875074042,393887382794,4987763215389882
5651,11302,31928150,113460778,357305824478,1335808516522,5020345427630510
5653,11160,32381680,65050080,361899958240,888591018720,5071367246554240
5657,34064,30881200,440166608,335988091504,6360212201744,4652155842892720
5659,11318,32018622,185851382,358796501790,2770146662678,5019805420901502
5669,11208,31661472,82747296,348149634960,1015137051648,4809412050017232
5683,11366,32290806,193421030,365819540550,3535447719446,5176850394788406
5689,-11528,34069512,-39425624,390113574888,660934640872,5563929152727912
5693,11472,31714000,78835104,351711771952,561056626272,4922625219667120
5701,11432,32494800,185691920,373264449600,2733016175792,5323686206404800
5711,11422,32609810,184088374,372909190994,3119715947302,5324130250945250
5717,11576,31926432,158502896,355721570448,2601844557296,4983233052272112
5737,-11576,33519384,-50468168,398858998392,-820720143176,5875978467741624
5741,11424,33317400,15282624,387245017272,-31338848256,5666500185894840
5743,11486,32976306,121580330,380823234522,1305844554746,5498863699954746
5749,11384,33032256,113474624,381286203888,1330617333344,5470328334683376
5779,11558,33391062,187665422,387034898118,3095692129838,5583406439795142
5783,11566,33437306,77318710,385792754858,274700159206,5578164911355386
5791,11582,33529890,66830834,392537827338,733242259442,5767601966306010
5801,34816,33955552,498547120,381266840704,6621927560176,5349022760344192
5807,11614,33715442,87952822,387919388210,811968411814,5586329821549922
5813,11480,33949856,75061088,398163819056,-18879731200,5838871213709936
5821,11792,33855720,75784040,403413977592,46225489832,5972903198393880
5827,11654,33948102,174950654,399352850646,2864447096414,5869637170465302
5839,11678,34088082,119131970,395176828506,1244693989058,5743151450330442
5843,11686,34134806,204259594,399224295518,3977922624586,5812269463005326
5849,35024,34423616,603558704,395089082816,10656372675824,5626692470496896
5851,11702,34228350,104862830,404558700414,1162743728222,5982317708528910
5857,-11696,34204992,-245052320,393788909856,-4781198341856,5681058100326432
5861,11784,35326264,83558304,416184204616,1310270464704,6126883778896264
5867,11734,34415822,155674978,404465265542,2179395809554,5927486029794182
5869,11648,34431192,120362360,405003250920,1295514611768,5943201885173832
5879,11758,34556762,111477598,408075440810,1388245335838,6042371961095882
5881,-11912,34895016,-64862600,413085234216,-855880463432,6041058390001896
5897,35360,35539872,560010176,426543499296,10222893770240,6415363627368672
5903,11806,34839506,90540214,410984509970,544108539046,6046415232768866
5923,11846,35076006,204194894,418567239222,3541817905166,6223493143173846
5927,11854,35123402,142402102,417575393306,1722603589414,6209130259322762
5939,11878,35265782,208043170,415700601950,3755199659218,6103924116085982
5953,-11792,34644960,-109526432,405300124224,-1676141087072,5968337528387520
5981,12080,35417520,143512352,422204103888,2434912028000,6290287123794960
5987,11974,35838182,163169698,434300201006,2666822127634,6559526943579662
6007,12014,36078042,194223866,433165622994,3306470117594,6508333308314562
6011,12022,36126110,216624418,432551572022,3722603994322,6464554581455030
6029,11904,36946112,125175408,442793275616,1099078783824,6639104869235072
6037,11992,37301936,111416992,444462166112,1621878860512,6601864258259456
6043,12086,36511806,218860718,438353382462,3733782810206,6579865774354446
6047,12094,36560162,73591990,441848569538,731868222694,6654523777059602
6053,12200,36769192,60440528,452514817624,66052890320,6953957270340472
6067,12134,36802422,192632054,448348982406,3287032844294,6836637182232342
6073,36592,38257632,641315776,477125527680,10680142012672,7265970387960192
6079,12158,36948162,103768466,452718534186,998997075218,6930256240462362
6089,-12312,38898424,15037128,469931796088,2005622384328,6929269123124344
6091,12182,37094190,180355022,451478429838,3263761740062,6893253061187070
6101,12152,37604064,28037216,456785633136,-92850983488,6887114498169264
6113,-12080,38646064,-250618304,470483091856,-5227171037120,7066762437165904
6121,-12152,36574776,-113246456,450076049400,-2188878805112,6948557988209016
6131,12262,37583030,220213258,456241810622,3758026750282,6891896739183470
6133,12280,37705488,201460672,464115964032,3477767398720,7107329604818208
6143,12286,37730306,119727070,462705294338,1656637839646,7101547770025346
6151,12302,37828650,75183458,465293612898,240538767602,7129387832201250
6163,12326,37976406,216278630,469894348134,4204593465686,7235162413420566
6173,12240,39026816,136047120,488116587776,2935816637040,7629785869994336
6197,12536,37037896,200126192,456649137496,4073182365296,6996873495477496
6199,12398,38421402,84856394,470947043346,307375331018,7222521566732802
6203,12406,38471006,209400874,478000810454,4147609034986,7417128605708006
6211,12422,38570310,112226558,478360201686,1698481318622,7430984631723990
6217,37344,36436944,456710592,442394755920,6550235569344,6664007531814864
6221,12320,37435536,163662752,457405630800,1769692448480,7008483787082256
6229,12312,39669872,9680160,506319557024,-1463772612768,8042956806214592
6247,12494,39018762,98451866,486879073314,1345616271194,7576904805369042
6257,-12672,39275296,-237441408,492433798048,-4276573457472,7731328909191136
6263,12526,39218906,115001206,495878523914,1477522902886,7824369353305466
6269,12464,38636640,66447392,479905569600,-113122880416,7514043364323840
6271,12542,39319170,94833194,495124785738,553151660762,7777656491283210
6277,12712,39670784,47947696,490344719024,374197023472,7576170700856144
6287,12574,39520082,124344286,494014843826,1037079272734,7740174053889842
6299,12598,39671102,216269866,495029654390,4029960450538,7694053213557062
6301,12752,39673800,94045832,499666318488,766537944392,7878306648367800
6311,12622,39822410,91042486,498029523098,1192769268262,7793954960519690
6317,12576,39490520,43215312,492512771864,-206466541584,7726590707967800
6323,12646,39974006,172934050,508765639454,3137586134866,8092260230645246
6329,38128,40860784,395892784,521598285808,4520181775408,8413686944727664
6337,-12816,40825504,-193503024,521379242080,-2961582154416,8364771504815584
6343,12686,40227306,111122498,512303799714,1151444588306,8123293389142626
6353,38264,40278584,263335736,525304067768,3235388979704,8576629027992824
6359,12718,40430522,198108286,513009972170,3065368199038,8121858831082922
6361,-12584,40520520,-237610088,527429348424,-2736247372904,8609107498345800
6367,12734,40532322,88899530,517506640170,-115045093126,8234753421191562
6373,12712,40505632,125992144,516900750544,1464841481872,8183509219699312
6379,12758,40685262,206235230,517700515758,4033436525198,8206289506476222
6389,12888,40391936,44316192,505951502096,201173613888,7964340751654736
6397,12912,42129512,157476696,539272709336,2606868073752,8665245602164472
6421,12920,41216736,152079488,519213646800,2753511211040,8185901125218576
6427,12854,41299902,110780198,532195048926,969199252454,8581458052341342
6449,38680,40205400,606262744,508407592536,9961726255960,8001728404167000
6451,12902,41608950,149936606,536096485350,2016844983902,8649228530157510
6469,13064,41825616,102285104,537650692608,606613169744,8619678402906816
6473,38752,41956528,548505760,540453616048,9398182392352,8743067362514608
6481,38904,39901608,159139464,499617454728,739867860744,7924696365924168
6491,12982,42126590,222238858,548288240054,3895264073482,8944409013561350
6521,-13064,40145176,1773736,496559187832,1008666072616,7776689775808696
6529,39304,43483368,513855928,576174515784,8321716439224,9449965765394568
6547,13094,42856662,248369414,560884540902,4733688542774,9166332816216342
6551,13102,42909050,116044414,561369379466,1175540083582,9144624490170410
6553,-13032,40922024,-107301384,521532543656,-1574332165512,8350218695784104
6563,13126,43066406,250693474,567585421934,5376351761746,9361977178207886
6569,-13112,45035288,-8401256,606134065208,419436092248,10039110511358648
6571,13142,43171470,255021206,569823938574,4717797452822,9408301600814670
6577,-12992,43082736,-73351280,556541707152,-366885408752,8984217612434256
6581,13080,41980056,128383584,548800342920,2502009250560,8987341753853256
6599,13198,43540202,180245086,572796723866,2944686558238,9412750425648122
6607,13214,43645842,146666450,573367973658,2262212476274,9390460811251242
6619,13238,43804542,262104710,582763831710,6193326916358,9654201470720862
6637,13152,42116792,49276296,534392293544,-56784290808,8589851082597512
6653,13200,43233264,153105360,567467923440,2598569418480,9328193510061264
6659,13318,44335622,255798826,589427364782,4011162297898,9809758220491262
6661,13160,44336016,79602704,595031476608,91471797680,9972379011496896
6673,-13472,46510608,-90780944,628178756400,35794518448,10544885918296368
6679,13358,44602362,168969266,596009581650,1993641279938,9965643952588722
6689,40168,44264632,675197176,595525923352,12505180416568,10126543552657432
6691,13382,44762790,113488646,597816454614,879658120022,9953969777789670
6701,13472,45159840,-16972384,610708720032,-2559654697888,10371190380187680
6703,13406,44923506,148035146,606057630234,2904070185626,10189727331831546
6709,13368,45108816,213437088,613998326208,3241292347488,10444645422408096
6719,13438,45138242,121277950,599934228866,2028160258558,9995895778680482
6733,13472,45326520,227978168,607418737608,3472782262712,10219058625149160
6737,-13536,43332288,-158672736,566497550400,-2344901897376,9407192825574528
6761,-13560,43845048,-56117256,567284060184,642044479800,9272456043581208
6763,13526,45731406,257672678,615510760974,5772120365126,10341172531401966
6779,13558,45948062,275051146,621476823830,5539090330378,10538300352732902
6781,13712,45952680,124802024,627096954936,846317034152,10696671118389720
6791,13582,46110890,116221174,620960714234,904565986342,10466282262789770
6793,-13720,45434376,-95069848,599586180360,-255714161560,9978264563104776
6803,13606,46274006,277494370,624906014654,5818152386386,10543766289497246
6823,13646,46546506,108095306,636982712034,1146226978346,10895657130789906
6827,13654,46601102,271591714,636316720262,5712606930514,10889013621540902
6829,13504,45949112,75192520,625071632360,697009963144,10680042066106952
6833,-13760,48529680,-206461904,665122824432,-4390701639440,11346938790144240
6841,-13640,46950792,-138916760,643306677096,-1536941698520,11074521508336872
6857,-13592,46172696,-63779816,634908463544,-368433790952,10950567971945336
6863,13726,47093906,205409590,644109227090,4032381840166,11035153633944866
6869,13848,47933520,102607536,659602923456,1573120053168,11217526502790240
6871,13742,47203770,233998538,651703452594,4585041991562,11284069505927490
6883,13766,47368806,283295750,656991834774,5712855146966,11431475631640806
6899,13798,47589302,265514914,651827082014,5576413527058,11134355025035102
6907,13814,47699742,220478198,663128319678,4486321742294,11497200513522462
6911,13822,47755010,97541854,653079534338,689816616862,11110208030512130
6917,13992,46761624,195572880,638533606728,2279196969552,10976376694536744
6947,13894,48253862,235517194,674587893134,4759938506314,11812301518614302
6949,13928,48280752,274231472,680160299232,7718999025488,11969040813941472
6959,13918,48420722,169034110,678239602898,2235107855998,11840672220799922
6961,-13760,46759440,-306543968,638736127632,-4353967383200,10968227442160080
6967,13934,48532122,98758058,669335839506,560411721194,11526104852765442
6971,13942,48587870,290035426,683570250998,6208603123282,11986944827519030
6977,-14096,49113024,-354302960,690600704832,-7297178124656,12125505880398144
6983,13966,48755306,226263166,680474621594,3424346418046,11892774319335866
6991,13982,48867090,177454010,677719214970,3121027703402,11714271702944730
6997,14072,48944928,243761984,688428579600,5103742360352,12133120276731408
7001,41936,51260528,832843760,743601770480,16325852984816,13289262469536368
7013,13992,50296080,-3012816,724719543648,-3358932896208,13002067825738560
7019,14038,49259342,234757474,684958843334,4112584641298,11888535136941542
7027,14054,49371702,199573070,691169887590,3390834573614,12122627137893222
7039,14078,49540482,121885562,702755219274,1970826313418,12421569403759242
7043,14086,49596806,296073634,701139059342,5518274148946,12406043866636526
7057,-14112,50443456,-181762656,715921141120,-1719406729632,12673354516774336
7069,14288,49941192,140138600,720040608408,1727409110888,13014228698413752
7079,14158,50105162,200151646,714259929338,3668958905758,12678117947971322
7103,14206,50445506,285554806,717588232034,5611306759846,12727277262349586
7109,14312,49043264,128849456,676494960272,624670096112,11631833703161264
7121,42616,51492744,779459128,748709839560,15767540543416,13733478732279624
7127,14254,50787002,286861750,720489568682,6653109210214,12742896248550362
7129,-14312,50879304,-181316360,735183223752,-1761445907912,13334124949300104
7151,14302,51129650,234109438,733392930194,5211201867262,13113498748176050
7159,14318,51244122,181743890,739034437362,2869467141218,13336229712418002
7177,43040,48782432,561005648,666658073792,9184126272080,11472996401219072
7187,14374,51645782,295917538,736192654910,6282222384274,13150458923284382
7193,43024,53424544,742488208,783344091040,14751691034704,14332593054051424
7207,14414,51933642,143433650,743376205698,1787448729314,13278102241663842
7211,14422,51991310,291021538,743191403270,6037134149842,13248982917560870
7213,14592,54069944,115328712,804311169128,644155272072,14941423744153544
7219,14438,52106742,187420190,747511409382,3937888714718,13449355584461382
7229,14288,53205456,249142976,769378534320,4127057510528,13877580012427056
7237,14312,52340688,75347312,747690056256,-950302704688,13353436654073088
7243,14486,52453806,257039798,762992757870,5862936645686,13887039909064686
7247,14494,52511762,138461182,759324064370,1098741920254,13763997431887922
7253,14552,52654664,78835904,762411542648,-550008121888,13836871258087544
7283,14566,53034806,233624074,769400896766,4549039348426,13974717217012046
7297,-14672,53692704,-256280864,792410893824,-4716755592032,14621484666332544
7307,14614,53384942,250177066,782071731974,4598151337834,14356572850751222
7309,14688,52239832,283527336,758437376392,6408284458728,13757085971168872
7321,44048,55329168,830248832,804435983856,17574298356608,14363602544645808
7331,14662,53736230,203493898,780363440846,3421131686602,14147114263389950
7333,14792,53749680,75550256,795277855008,197091605072,14830475761930080
7349,14648,55232584,-60034048,814842052600,-5028477432352,15015715201881784
7351,14702,54029850,108125858,792995049906,702495760082,14589500925988050
7369,44384,52471328,893713232,752223356672,18550513334864,13692601672962368
7393,44264,54888440,585601448,806872893176,7883399749544,14768843971084280
7411,14822,54915510,225662702,806750328678,4403706434702,14746832329293990
7417,44464,52719152,512875744,766264339280,8494473436384,14064304725767312
7433,44704,55863632,839236624,823250420912,18491837848144,15229879048876592
7451,14902,55509950,254213218,830343031382,4953684415762,15458821418723510
7457,-14832,57161536,-77427984,869627915008,432422380848,16533361070789056
7459,14918,55629222,297333590,828635839638,5683832429318,15415271126364102
7477,14936,55897728,321297440,838799862384,5597083482176,15753745880214768
7481,-14792,55299000,-329981384,821639129784,-6261147478472,15205019261115960
7487,14974,56047682,177367030,832049581538,3365219550694,15445576247032082
7489,45000,57980856,616769304,889662036504,9739737499800,17112231255106776
7499,14998,56227502,335760226,843675549926,7748539178578,15782126515990982
7507,15014,56347542,295077038,837854483334,7645087572494,15545666551350342
7517,15056,55414840,114449456,819110561368,1639048322576,15135034211917240
7523,15046,56588006,287363554,858327311342,5848863279826,16252481693707886
7529,-14904,56013624,-30278472,849227584152,4148995173816,16059269275657944
7537,-15232,57079184,5913776,906999361328,4455755370608,17825570291872304
7541,15224,56718320,261006800,858986522720,6368861122064,16141653859358720
7547,15094,56949662,338815018,856512546902,8141085243754,16121131299184262
7549,14928,55501544,118108248,817618488920,835820655768,15079920147789944
7559,15118,57130922,253634686,872627090906,4988942931838,16718291687578682
7561,45216,58811664,935621856,890140451088,22344951638496,16783520417351184
7573,15320,57312480,105979136,866113787280,5103897440,16337842733891280
7577,-15272,57220088,-305461304,860414163800,-5019139505912,16188099449747288
7583,15166,57494306,141786934,878339966786,1964308780006,16752698324403026
7589,15048,58661248,233547696,897940203664,3481772293488,17161580733610288
7591,15182,57615690,153118634,884076872802,436727649482,16967037921579090
7603,15206,57798006,201704414,886842157542,3912018047966,16980601315858566
7607,15214,57858842,150816382,879619728938,1621101983614,16698436008441002
7621,15272,58071120,188407472,891149757888,2746636686992,17195573771415360
7639,15278,58346682,134659418,888758889714,1912026932858,16860171795741282
7643,15286,58407806,324047914,888629246582,6769768949866,16902874914137126
7649,-15408,60086720,-236612928,937874502176,-7369366711488,18045087896065760
7669,15512,58775616,98786048,900874324272,451512272672,17191286575166256
7673,45872,59058480,418742192,918790657776,3213553029872,17980915053263280
7681,-15312,57315936,-185249424,858394688928,-4420748833872,16184393181995616
7687,15374,59082282,133516130,898910262114,1805455279154,17071259666528802
7691,15382,59143790,128762722,907671777254,1464897129682,17402565642128870
7699,15398,59266902,303614054,915513850854,6904369051478,17641135457111382
7703,15406,59328506,138669406,914642187914,951528758686,17643748962905066
7717,15272,59518128,-21996688,925067567712,-3485941595248,18055918749305568
7723,15446,59637006,354143078,919353658446,8477614500806,17672768839399086
7727,15454,59698802,146704822,921073096754,2305580645734,17728860747482402
7741,15632,59892840,88015976,922752623736,629501336552,17774008267829400
7753,-15512,57847320,-286213976,858482564760,-3331062301592,16198490258412120
7757,15552,61216800,37350528,961942347360,-2441176728768,18883504460235360
7759,15518,60194322,120095258,927532259322,1589135031818,17932145263436442
7789,15744,58888440,-43133688,893345699880,-3796149328056,17073908546643720
7793,46744,64598600,734593816,1034519973128,15366973880344,20577934880881160
7817,-15512,59782792,-170309672,942973078696,-2370359230952,18748617500959912
7823,15646,61191506,158478334,958394713010,2044869539326,18835916260486706
7829,15512,60387248,285182960,933942512096,4874148475952,18062371725291968
7841,46888,60201784,544493320,926614285432,9720118104328,17677879956250744
7853,15840,62711808,232404768,1016866540224,3940325269920,20501488838287488
7867,15734,61881822,358117478,974141234622,7578092402534,19159496988521022
7873,-15632,63476256,-433458080,984685830336,-10744148556512,19047127341598656
7877,15656,62911872,198756512,1003748971824,2507687849216,19884415569647472
7879,15758,62070762,141917762,977560372770,1274327933138,19307856072798882
7883,15766,62133806,318142114,986035295846,7215362378386,19573304937010886
7901,15632,63589952,344437616,1020344155328,8207946076112,20313838753609952
7907,15814,62512742,370348066,989511536366,8388610003474,19541840929136942
7919,15838,62702642,221811190,990553990898,3354672615718,19601575004818082
7927,15854,62829402,128313626,1004186256210,1619635151354,20026572789321282
7933,15952,60378600,208044952,944338881240,3002541688792,18701712904921080
7937,-15696,62692080,-307813008,943620037488,-5076106953936,17593170484574640
7949,15968,62537832,135857552,985111299432,2949965803568,19436632482375432
7951,15902,63210450,238197674,1012838119098,4522804954682,20336299827520410
7963,15926,63401406,376896878,1006535638206,8240304130526,20001974972065806
7993,-15880,63656536,-186300712,999486486040,-4871344585960,19758427046821336
8009,48224,66228800,798360992,1074670517312,16226814927584,21584765153002880
8011,16022,64168110,383029406,1024306022862,8643148245902,20432033824741470
8017,-16096,61783296,-218084128,960556403904,-2469866291296,18795334319932416
8039,16078,64617482,259514998,1047315437402,5247119781478,21136181974237322
8053,16280,64812480,121500896,1029619405488,-442748837440,20474042548981680
8059,16118,64939422,301906790,1047227673726,7437163381478,21058162469221182
8069,16008,63534544,72231456,1016738655040,-283215669312,20539258707158464
8081,48568,66071960,1038762952,1061580444728,23158556963848,21209787294251960
8087,16174,65391482,261840886,1056555858986,5346586693414,21417174330425402
8089,48400,66515136,897834208,1052498997600,18846187785760,20784462815433696
8093,16112,66777960,108429440,1088226365736,-794314499008,22065772089757800
8101,16200,65488480,307554288,1059978871696,6428015070960,21384766717594480
8111,16222,65780210,132193078,1062780160946,1732322865382,21445568986652450
8117,16056,66235504,347806896,1075091080288,9251686909296,21919864856373184
8123,16246,65975006,332701834,1068490078550,7765902917386,21558351283002086
8147,16294,66365462,397426954,1076729761310,9627851196874,21874189328305262
8161,49128,65419224,1252677144,1047488600568,28845201090648,20815618301050104
8167,16334,66691722,224478050,1088709824322,3330899773874,22240154840303202
8171,16342,66757070,212102818,1094089987334,2339256036562,22367959436007110
8179,16358,66887862,302215910,1094605924614,5368657365398,22413798654672822
8191,16382,67084290,211369298,1088312270058,4662108208082,22122794036649690
8209,49144,68485912,955639528,1147885920760,21531052135144,23922334400195512
8219,16438,67543742,398177674,1113553795766,10320480129418,22879528453906982
8221,16464,69154568,390360024,1160275127480,9619835677464,24145095585620888
8231,16462,67741130,156866398,1110193510202,2826398090782,22756316606361050
8233,-16312,67049144,-161139400,1111795368728,-4304661884872,23234731871328344
8237,16416,68429632,88039632,1148807128480,-340440580944,23976386826262912
8243,16486,67938806,357004330,1116839272574,8692182398506,22943764561876526
8263,16526,68268906,163526330,1137020910018,2609077891706,23731198845499506
8269,16512,67573592,194642952,1098543246920,2407224800712,22171323125785832
8273,49592,67339752,960767240,1110150853512,21765936990152,23001210431033352
8287,16574,68666082,343216706,1128659616522,7235951298914,23203237194044922
8291,16582,68732390,208651306,1141429216334,3304530791722,23777911613670110
8293,16680,68093280,322125840,1140167355216,8183659597200,23891912193039600
8297,49600,68085872,612611440,1103604078416,9244208163760,22369836798965072
8311,16622,69064410,378655274,1156595444754,9134201841002,24163011907380450
8317,16816,69131048,54267448,1134941956568,-2181641949704,23277090335703608
8329,49824,68969232,1068944832,1177732904592,22574847725184,25217470631571792
8353,-16880,69814848,-187331072,1176014361312,-5531705528960,24910017781298208
8363,16726,69931406,403347490,1167955053638,8852560592146,24475120301423366
8369,50264,68128088,1149864776,1123180513016,24909827507144,23331050146820408
8377,50160,70871904,904769808,1235609761248,16607879591760,27177326590369824
8387,16774,70333382,376727266,1179655251662,7951432743634,24669755105087342
8389,16744,70231552,381279568,1158291583984,9219437530384,23833215256168912
8419,16838,70871142,335358710,1186753437270,7193005786598,24821006154434502
8423,16846,70938506,191050486,1195743820250,1626840969766,25131887096957066
8429,16704,71959944,162297888,1213608360936,1554763578144,25452876926075304
8431,16862,71073330,142298354,1204431666810,787387430162,25509663888298890
8443,16886,71275806,281203070,1212365036958,5987734553486,25729257060365646
8447,16894,71343362,148211062,1206697857506,1419675454054,25529164097905202
8461,16960,71849368,347329576,1220993655304,8233266986920,25977436686470248
8467,16934,71681622,387943214,1211532344646,10616482176974,25645767077365062
8501,17112,71362296,33226752,1198394282664,-1254862454688,25142057700126696
8513,-17040,71008976,-203596464,1205223226256,-5139516322800,25856117197965776
8521,51296,73722672,1023576032,1253399495280,22920285166496,26453569859823792
8527,17054,72701202,150680090,1245464039994,1411519840394,26606398449916602
8537,-17256,70549480,-653200344,1168972869064,-18141768842136,24109002331134280
8539,17078,72905982,288007358,1255584618942,7439576653838,27076299824924142
8543,17086,72974306,151535734,1256798575490,901852690726,27039756117932306
8563,17126,73316406,336306830,1261829448294,7385188858286,27104800960944486
8573,17232,73000272,124567344,1259119506384,1403651631312,27121622495041392
8581,17032,71274048,226251088,1238279614512,5169019973392,27109775045077008
8597,17016,73799352,319189296,1262178896904,5214048688176,27078421520728872
8599,17198,73934202,252113738,1271596713522,4007724280778,27366755545918242
8609,51560,70967544,881792360,1211382310200,20623825025000,26212877408196024
8623,17246,74347506,387030026,1288777903386,9852362872346,27902286060403386
8627,17254,74416502,371771938,1295960725214,10152211940434,28189323483960542
8629,17304,75691472,335668320,1321920214592,7997385724704,28709399807562272
8641,-17424,76206496,-286354512,1351482045664,-3049453595664,30105922271709856
8647,17294,74761962,248231450,1280399457858,4664095273754,27502260453618162
8663,17326,75038906,155743414,1296565619498,1117245474406,27912297045989786
8669,17168,74697880,176165072,1294704717880,1778079430448,28166044819535320
8677,17192,75255408,165177392,1299388114848,2451712704272,28031884631935008
8681,51904,75557712,930820768,1341638048400,22288233562144,29461455055917072
8689,-17408,74986416,-272191952,1304241872592,-6057623441168,28481754867295056
8693,17240,76859576,332854928,1345737058376,7778334657680,29339531734901096
8699,17398,75663902,312868234,1306821141206,8218885577098,28282208738264582
8707,17414,75803142,419595038,1312900127766,10929693429374,28381157221018902
8713,-17240,75336792,-51502616,1311947444952,491682656680,28708047056537112
8719,17438,76012242,369113594,1316303157690,10173994742378,28492501679769882
8731,17462,76221630,387603086,1342938107454,9441577369022,29651363119675470
8737,-17392,76161776,-261533008,1303553367728,-5080096467472,27745416619155056
8741,17640,75462312,216315648,1343310280440,4030346385120,30036795083267832
8747,17494,76501262,455666218,1339224637286,12315052159594,29384316843118742
8753,-17472,76081552,-305246304,1343975949520,-6001250138592,29384882644332112
8761,-17672,75709512,-201651608,1309391938152,-607295869592,28303000501125672
8779,17558,77062062,426678110,1348751428686,8995305319118,29518072779459102
8783,17566,77132306,407267710,1345042233650,9779046753406,29345539739570066
8803,17606,77484006,456595430,1358192633622,13507103195126,29771691757524966
8807,17614,77554442,186232822,1359673045658,3672645377254,29708539967444522
8819,17638,77765942,390205474,1381447475102,10576891981138,30779163495570782
8821,17464,75087952,129293056,1294438675456,-2089098925376,28303435561040032
8831,17662,77977730,207510838,1380871943330,2667503815462,30542447745968210
8837,17672,80063216,149804816,1445524450880,2360817775952,32457338114164256
8839,17678,78119082,223288562,1366613046114,3350195026658,29927316553233762
8849,-17568,81916512,-303599904,1464125981088,-7438066409568,32582170272383712
8861,17712,79075464,119161728,1399485893448,-388898728128,30916282465763784
8863,17726,78543906,218346290,1392637854474,3535989997106,30936542756710746
8867,17734,78614822,464045578,1399052231438,13236370545994,31080487394054942
8887,17774,78969882,172189706,1395972786066,2850639805514,30912216309635202
8893,17680,80203624,368596120,1452691813912,11721877135000,32732219312780344
8923,17846,79611006,450495158,1413245530590,13253848648406,31277438645852286
8929,-17712,75091840,-300129264,1276166836288,-8652652401072,27570673804213120
8933,17960,79709256,165983888,1428545979768,1249474488080,32045024187459096
8941,17824,77926392,445148488,1380548978088,10846184210824,30636415362066312
8951,17902,80111450,212478838,1424160007946,3077075599462,31562553854265530
8963,17926,80326406,464552290,1430074560782,11479724043346,31758772876062446
8969,-18008,81934056,224138008,1522292443080,16737078455512,35515720511710536
8971,17942,80469870,454036622,1447628685774,10936249022942,32552884377625470
8999,17998,80973002,161999998,1460206158842,-230690286722,32813248583405882
9001,-18104,84531000,-279172376,1534168979256,-7144049201624,34108245679737720
9007,18014,81117042,205347458,1475416692474,3675888904514,33585966286064682
9011,18022,81189110,485206306,1451540701598,14218132570642,32409760671920510
9013,18200,81194880,193977440,1468817342064,2172424677440,33158984369083440
9029,18248,82344496,429488432,1493101748992,9242409243248,33848330529860896
9041,-18272,83080272,-351295280,1525747618416,-6498880627952,34715686942027632
9043,18086,81766806,392378894,1470269990790,9612551386286,33156387347380806
9049,54480,82283040,1129171488,1504150291776,28456849279200,34023468283817280
9059,18118,82056422,488877994,1493939782862,12905146909738,33989638991451422
9067,18134,82201422,301997078,1501309308366,6248520168854,34328843407021902
9091,18182,82637190,421913822,1509612641430,11514669482942,34571193950711190
9103,18206,82855506,228217250,1510089005274,2580279540386,34274930135153706
9109,18328,81932464,195079648,1486285034848,3236730329248,33806918194351744
9127,18254,83293002,229712306,1520844842562,1626455568674,34805554818405762
9133,18080,83367960,175430456,1507791282408,519720575480,33930795167378760
9137,54680,81623560,741431384,1457544393352,12910677756440,32786363642190280
9151,18302,83731650,304506338,1529512104426,5695445392322,34836871607844090
9157,18472,83083968,121428016,1518984526704,-1377385720208,34858529852024208
9161,55136,80836640,1153899968,1432826497184,28864354473536,31589554783820960
9173,18200,83012680,354047792,1509864361624,10444332716720,34619748543661240
9181,18544,85423624,187701688,1572175736440,2512920321784,36157356617334424
9187,18374,84391782,186167150,1541105451126,2145769260014,35181722704405782
9199,18398,84612402,307617554,1545791478522,8811896600498,35212587531493962
9203,18406,84686006,358824970,1562589978110,6834656661706,36065147993845646
9209,-18312,82109784,-313345176,1488131335416,-7451662107672,33783337686245304
9221,18632,84907752,425639936,1551658350072,10436185469792,35400130321486392
9227,18454,85128302,337173034,1567542569414,7462630155754,36186030173136662
9239,18478,85349882,171420406,1583751800618,2271417402598,36816333983395322
9241,-18472,82952648,-779210488,1472420026664,-27264181914232,33117894926805608
9257,55424,85715520,1360952864,1554395678784,32213074944224,35376463884668160
9277,18512,86051688,452026664,1598047872120,14012012829032,36955257316540248
9281,55496,86885304,919126664,1638953681400,19323775137416,38513124031308024
9283,18566,86164806,516958790,1603956415542,14669947589846,37408019627766726
9293,18432,86103808,382713504,1596415349056,7682057247072,37247580448634368
9311,18622,86685410,415438198,1610941231106,9468624988582,37412049171860690
9319,18638,86834442,301651922,1622500654146,5095002349058,37950121254775842
9323,18646,86909006,346051114,1627754499110,6377298641386,38095386090725846
9337,-18696,88330712,-383198856,1626846015704,-10397484157896,37289178594182552
9341,18512,85796208,282117248,1584014403984,4552767099392,36815021259850128
9343,18686,87282306,306050450,1637903148522,6760775439506,38552462259980826
9349,18888,84815424,169943280,1581227422896,252583859568,37020375526154064
9371,18742,87806270,324442762,1654925815670,6652937075722,38959277406094790
9377,56104,89804312,1074988888,1722629170616,23762306843224,41016234250466552
9391,18782,88181490,268159754,1655609615898,5768132890202,38813752313658810
9397,18936,90830032,180986592,1725760839232,686099691936,40696470435593632
9403,18806,88407006,528753734,1663282922814,15050966061446,39061236480585726
9413,18632,87653872,365528720,1667259052288,10921455133712,39678672560474272
9419,18838,88708142,379453834,1657913560838,8792119218058,38760117929513942
9421,18752,88737720,416498936,1667064254088,9779281310072,39157308685641960
9431,18862,88934330,188789758,1670995199306,1573110299902,39365974955939690
9433,56784,87480096,1088468544,1630040208960,23670810089664,37725191662611456
9437,19056,89693872,483993744,1690363492912,13805986287216,39559178531962192
9439,18878,89085282,436566650,1686578246442,10480284864458,39909401429503242
9461,18872,88136176,199767008,1654194322240,3638985597632,38886973381691776
9463,18926,89538906,438628706,1685160422514,9315302365586,39586762695043986
9467,18934,89614622,346624738,1699978757366,7813136526994,40401340867787222
9473,57032,88290616,808757000,1713542858872,15011754046472,41517156448543096
9479,18958,89841962,204310366,1714308146330,1740104660638,40808485952611802
9491,18982,90069590,532236298,1726306695710,14288175304522,41463903625477070
9497,57104,88762336,1191590288,1646634736864,27338649177104,38259257859952096
9511,19022,90449610,188628146,1732298977026,3627061509602,41619683322133410
9521,57304,90537032,1332029992,1730961750248,36083337640744,41444204829905192
9533,18960,91543696,191528112,1755408989776,5516502203280,42081749893708336
9539,19078,90982982,339874570,1736467292846,9177911103178,41426937744062942
9547,19094,91135662,545453438,1747869438030,15191959906094,41785183457703582
9551,19102,91212050,183169078,1755886536914,3764036629222,42345428421644450
9587,19174,91900982,547743658,1772673516734,15777343253674,42711086631602222
9601,57416,87903336,1476658712,1649940294216,40224253445336,39206317382753736
9613,19232,92400120,547080728,1769587288968,12624472419032,42666634000628520
9619,19238,92515542,525974342,1774788319590,14331410302838,42553947651694422
9623,19246,92592506,362613886,1788555780554,9495336958846,43144204583467466
9629,19248,91783528,173398032,1771623190792,1333470711408,43000744774595368
9631,19262,92746530,194779250,1777006005642,-162054733198,42667488519837210
9643,19286,92977806,422551238,1809407987790,9743024401766,44141860352139246
9649,58008,94187784,1249347432,1833136113960,30955334900328,44307033659730024
9661,19184,93306216,369379688,1818311358648,11067522161384,44495964692598936
9677,19296,92857128,148521024,1787750370504,-1072071722304,43120859547156168
9679,19358,93673362,186495698,1805486338266,2938389915698,43422942627861642
9689,58064,95327056,1207798304,1862986729456,32972223232544,45414484111097776
9697,58344,92220888,1175571864,1794304963704,30365656181784,43899198193027128
9719,19438,94449242,289723390,1826375566826,6712140579838,44022314641398122
9721,-19592,93856200,-192483896,1835760160296,-1034276492792,44866788020725800
9733,19272,91413632,183732048,1757053496240,538522289232,42631524928445072
9739,19478,94838382,364823198,1851449443470,8361463526798,45124140743535582
9743,19486,94916306,327384286,1843176511538,8011583510686,44842391952258866
9749,19608,92369424,296218752,1764305384928,5119858239648,42486915065075424
9767,19534,95384522,247788790,1874628500378,2574098452774,46039471071560522
9769,-19448,95307096,-732592616,1844049939384,-21323851715048,44646493272817656
9781,19480,95181968,468056320,1858917211712,12851069801920,45432169466078048
9787,19574,95775582,569657150,1873118995038,17371745342414,45713304557976462
9791,19582,95853890,293279614,1875426083138,4160579209342,45912119281291010
9803,19606,96089006,570671842,1884259431590,17161016439826,46136769508532006
9811,19622,96245910,539855990,1887212584422,13734587615942,46418061455698230
9817,58704,97555488,1062786720,1877447507904,26026158214944,45462720791083008
9829,19688,96598512,558401072,1889387231520,12296357353808,46035136355953632
9833,59072,95956048,722648192,1888458596944,13774820916992,46258667809271248
9839,19678,96796082,219153886,1920625832210,3240046728478,47679602650321202
9851,19702,97032350,505612426,1909718032022,13223642879242,46983767655879590
9857,-19536,96778240,-467492688,1880852960704,-10641370887696,45589868457258880
9859,19718,97190022,524457518,1918987170774,14043354273518,47526298004711862
9871,19742,97426770,221362394,1925014682490,2330877654602,47591733815374650
9883,19766,97663806,573187694,1912476190398,15639629370206,46782669265179726
9887,19774,97742882,195545086,1937742194978,3388991241214,48182066914270082
9901,20000,97980696,162921560,1939569336552,1003886229080,48028833380667336
9907,19814,98138742,579317198,1951824850854,17788876385774,48363580327912422
9923,19846,98456006,582182410,1956022970606,14798980581706,48683458053112766
9929,59744,100787424,1208662064,1974472278144,32414452655024,48095076883873344
9931,19862,98614830,591956774,1950869891502,17541199820102,48227426709270990
9941,20024,97520928,393743408,1935855743952,11637660232304,48159063872070768
9949,19984,95781576,348146008,1879314566136,7013445301144,46618749014532696
9967,19934,99331122,197053106,1986455054202,3389356462994,49731295514296842
9973,19832,99437760,466347968,2027875330800,12832670846432,51911869333466160
10007,20014,100130042,304072702,1993295190602,5511385541374,49624285920513482
