3,0,0,0,0,0,0
5,0,0,0,0,0,0
7,14,70,314,1510,7274,35350
11,0,0,0,0,0,0
13,26,400,1364,14620,67196,595660
17,0,0,0,0,0,0
19,38,874,2222,51274,131918,3065194
23,0,0,0,0,0,0
29,0,0,0,0,0,0
31,62,1798,6074,153046,678842,15856438
37,222,3160,24972,345700,2832612,38258740
41,0,0,0,0,0,0
43,86,4042,10574,532858,1589726,81841642
47,0,0,0,0,0,0
53,0,0,0,0,0,0
59,0,0,0,0,0,0
61,-122,5848,-20324,1031236,-3508172,183609268
67,134,7906,26054,1481746,5893334,328136386
71,0,0,0,0,0,0
73,146,10068,26024,2069232,6246656,521163168
79,158,12166,38330,2757814,10005338,685586806
83,0,0,0,0,0,0
89,0,0,0,0,0,0
97,194,16668,31184,5002008,5941064,1664213448
101,0,0,0,0,0,0
103,206,23278,65474,7545982,23918786,2781987358
107,0,0,0,0,0,0
109,218,19264,74516,6135244,25488188,1998056764
113,0,0,0,0,0,0
127,254,34798,97154,13313518,37256594,5111927038
131,0,0,0,0,0,0
137,0,0,0,0,0,0
139,278,36418,118502,15129634,56767238,7207798018
149,0,0,0,0,0,0
151,302,44998,138554,19884166,66348362,9242440918
157,942,49696,524532,24138316,316908972,14040815836
163,326,54442,156014,27512938,86742446,15773707882
167,0,0,0,0,0,0
173,0,0,0,0,0,0
179,0,0,0,0,0,0
181,362,67096,262268,37145476,178153412,22721153716
191,0,0,0,0,0,0
193,-386,77916,-208544,44706264,-116298776,25899168456
197,0,0,0,0,0,0
199,398,73630,232370,41936014,164056658,29284929550
211,422,85666,273158,53225266,211839542,40735002946
223,446,93214,295154,61271806,206390306,42574878574
227,0,0,0,0,0,0
229,458,109816,185132,75720484,87813428,56777638036
233,0,0,0,0,0,0
239,0,0,0,0,0,0
241,482,113148,562448,80522232,564214472,70190474088
251,0,0,0,0,0,0
257,0,0,0,0,0,0
263,0,0,0,0,0,0
269,0,0,0,0,0,0
271,542,139294,441458,113442526,360004802,92567213614
277,554,142840,383804,122125540,292762244,108831643540
281,0,0,0,0,0,0
283,566,169234,486134,146244466,447257366,135213946834
293,0,0,0,0,0,0
307,614,183586,576134,165273586,650361974,183464120386
311,0,0,0,0,0,0
313,1878,204012,2033712,198714408,2379444888,224265824472
317,0,0,0,0,0,0
331,662,229714,658358,228465106,655390262,227548165714
337,674,220476,587744,219913656,555380504,227405794536
347,0,0,0,0,0,0
349,-698,243736,-861860,250878724,-1135786508,307692696436
353,0,0,0,0,0,0
359,0,0,0,0,0,0
367,734,267910,812474,291852790,916555034,324811738870
373,-746,273856,-995324,304394764,-1386060356,395214571516
379,758,290314,853262,336044314,1037337278,416782466794
383,0,0,0,0,0,0
389,0,0,0,0,0,0
397,-794,342472,-989684,405915892,-1215089564,481663821412
401,0,0,0,0,0,0
409,818,340788,962456,425518800,1215203888,558695507328
419,0,0,0,0,0,0
421,842,373768,566444,488761396,590654132,762040509028
431,0,0,0,0,0,0
433,-866,341340,-1215584,440991960,-1664254616,572597429640
439,878,373150,1171250,490035694,1778365298,741306063310
443,0,0,0,0,0,0
449,0,0,0,0,0,0
457,914,425124,1799624,594207744,3128357024,903416610864
461,0,0,0,0,0,0
463,926,437998,1266434,618783502,2132008946,1055089838398
467,0,0,0,0,0,0
479,0,0,0,0,0,0
487,974,495766,1443914,744419926,2566724954,1329698555686
491,0,0,0,0,0,0
499,998,513970,1478870,769019554,2427861158,1264953298450
503,0,0,0,0,0,0
509,0,0,0,0,0,0
521,0,0,0,0,0,0
523,1046,551242,1629134,876721978,2688479006,1469942426602
541,1082,630928,780932,1068308956,726627692,2084016930508
547,1094,576538,1796894,946928698,2953186814,1556742972058
557,0,0,0,0,0,0
563,0,0,0,0,0,0
569,0,0,0,0,0,0
571,1142,642946,1979558,1080712066,3961054502,2126188302466
577,3462,685860,5939592,1202631360,11161054032,2288143682160
587,0,0,0,0,0,0
593,0,0,0,0,0,0
599,0,0,0,0,0,0
601,-1202,696708,-2489528,1233133152,-5734657232,2694402010128
607,1214,749038,2182274,1387132078,4747115474,3058366024318
613,-1226,795952,-1645964,1489249468,-2583134996,2970991376812
617,0,0,0,0,0,0
619,1238,786130,2272310,1465547794,4897221878,3171941000530
631,1262,824086,2390858,1561270006,4531861562,2960156858086
641,0,0,0,0,0,0
643,1286,801178,2493854,1549604602,5000753726,3108516709018
647,0,0,0,0,0,0
653,0,0,0,0,0,0
659,0,0,0,0,0,0
661,3966,854824,6819996,1658698996,13401651636,3494282852164
673,4038,919908,7070472,1884855552,14553781968,4248120896688
677,0,0,0,0,0,0
683,0,0,0,0,0,0
691,1382,960490,2848814,2012278666,6141689102,4393857464170
701,0,0,0,0,0,0
709,1418,979864,1967852,2082941764,4005758708,5354135246644
719,0,0,0,0,0,0
727,1454,1089046,3160394,2370013366,6993353594,5242150269286
733,1466,1033792,2426084,2254736908,4392106316,5083353624892
739,1478,1080418,3308102,2356945234,8364889238,5867855585218
743,0,0,0,0,0,0
751,1502,1088950,3360554,2425215046,8086099562,5813546221030
757,1514,1169992,2650364,2678367412,6545811524,7432839076132
761,0,0,0,0,0,0
769,4614,1251732,10409592,2881140720,23717289024,6647783552352
773,0,0,0,0,0,0
787,1574,1282810,3759614,3096505210,10828320254,8953264599610
797,0,0,0,0,0,0
809,0,0,0,0,0,0
811,1622,1360858,3985694,3370570666,11310887822,9602532672058
821,0,0,0,0,0,0
823,1646,1311862,4051754,3226058518,10132994906,8056114645702
827,0,0,0,0,0,0
829,1658,1421776,3218948,3512439964,6797114348,8918396427916
839,0,0,0,0,0,0
853,5118,1428424,15198012,3608180116,49015972308,10972160963044
857,0,0,0,0,0,0
859,1718,1523866,4458590,3971391754,12523507118,11190436005946
863,0,0,0,0,0,0
877,-1754,1602760,-1655924,4345747060,-1681935644,13978432997860
881,0,0,0,0,0,0
883,1766,1566442,4657454,4184702218,12728737166,11556139881322
887,0,0,0,0,0,0
907,1814,1609018,4980734,4368542218,15644542574,13684330731418
911,0,0,0,0,0,0
919,1838,1641334,5070122,4527544534,13990987418,12496000698694
929,0,0,0,0,0,0
937,-1874,1769604,-3213944,4962699744,-8266804304,16792289845584
941,0,0,0,0,0,0
947,0,0,0,0,0,0
953,0,0,0,0,0,0
967,1934,1889518,5560514,5558222398,18536312834,18766433266078
971,0,0,0,0,0,0
977,0,0,0,0,0,0
983,0,0,0,0,0,0
991,1982,2007766,5846858,5971187206,19374188522,19821756712006
997,-1994,1880560,-7727564,5661586300,-27465370964,17877247896940
1009,2018,1863276,4639520,5371771560,13645281368,18026668838616
1013,0,0,0,0,0,0
1019,0,0,0,0,0,0
1021,6126,2111200,19606836,6404873356,66610113516,21073932509980
1031,0,0,0,0,0,0
1033,2066,2268900,6479384,7108324800,20474620016,22510420791600
1039,2078,2105014,6498602,6574772614,20761988138,21014677211494
1049,0,0,0,0,0,0
1051,2102,2141938,6567254,6633188626,24222055862,24363130228018
1061,0,0,0,0,0,0
1063,2126,2230174,6847154,7021654606,26513414546,26924225878414
1069,6414,2263600,21636036,7255652764,76345926204,24924373214380
1087,2174,2358790,7102394,7664003350,23357605754,25084109769910
1091,0,0,0,0,0,0
1093,2186,2420152,11287724,8045745508,49799415476,30875564510932
1097,0,0,0,0,0,0
1103,0,0,0,0,0,0
1109,0,0,0,0,0,0
1117,2234,2552896,9928964,8697347596,41956616684,33227620375996
1123,2246,2558194,7491734,8710254466,30702113606,35977395619474
1129,2258,2464788,11561048,8175908400,53444739248,33241016932128
1151,0,0,0,0,0,0
1153,2306,2602716,9575744,8989761624,37380238136,31705177899336
1163,0,0,0,0,0,0
1171,2342,2667538,8190134,9305615746,30076741382,34090967997298
1181,0,0,0,0,0,0
1187,0,0,0,0,0,0
1193,0,0,0,0,0,0
1201,7206,2992692,25596120,10766128272,91496484576,38792780937792
1213,2426,2885344,11846564,10378691116,53675465996,41261588431324
1217,0,0,0,0,0,0
1223,0,0,0,0,0,0
1229,0,0,0,0,0,0
1231,2462,3114430,9155474,11638461886,37974932642,48420036082510
1237,2474,3311896,7599644,12888536836,31217202404,58617862180276
1249,2498,2945196,10801712,10876664040,46546878248,43236136805016
1259,0,0,0,0,0,0
1277,0,0,0,0,0,0
1279,2558,3235870,9900530,12264384574,45514515938,55822878604270
1283,0,0,0,0,0,0
1289,0,0,0,0,0,0
1291,2582,3405658,9958814,13167248746,40167300302,53107260433978
1297,7782,3414660,30524712,13332982560,139407222192,60679796418960
1301,0,0,0,0,0,0
1303,2606,3484222,10235474,13717938958,42501075986,57087122980462
1307,0,0,0,0,0,0
1319,0,0,0,0,0,0
1321,-2642,3486996,-9628328,13967295792,-41790781952,63655299755616
1327,2654,3516550,10581434,13957546870,42418320794,55732227353590
1361,0,0,0,0,0,0
1367,0,0,0,0,0,0
1373,0,0,0,0,0,0
1381,2762,3896680,8582348,16372597396,37385885012,82216444084420
1399,2798,4009534,11772242,16881033934,50332431698,72251705178094
1409,0,0,0,0,0,0
1423,2846,4078318,12072194,17599611022,57303637106,84461185842238
1427,0,0,0,0,0,0
1429,8574,4143688,34347708,17879730964,148961283924,81241941804388
1433,0,0,0,0,0,0
1439,0,0,0,0,0,0
1447,2894,4077646,12453794,17386750366,65640383714,91322198604286
1451,0,0,0,0,0,0
1453,2906,4440064,12710804,19330286476,55608815036,84266540338684
1459,2918,4339066,12702590,18976941754,60226141118,90042285516346
1471,2942,4215886,12879458,18311136526,67262766002,95296055052766
1481,0,0,0,0,0,0
1483,2966,4339258,13309694,19149689482,72539715566,103763940935578
1487,0,0,0,0,0,0
1489,2978,4400076,20845184,19707148680,128249782328,107083422828216
1493,0,0,0,0,0,0
1499,0,0,0,0,0,0
1511,0,0,0,0,0,0
1523,0,0,0,0,0,0
1531,3062,4589938,14095574,21114474706,65850116342,98678831180338
1543,3086,4681462,14385194,21632249398,76917981626,115419553265542
1549,9294,4650544,46624452,21864289564,234742120764,106619450228524
1553,0,0,0,0,0,0
1559,0,0,0,0,0,0
1567,3134,4979926,14611274,23556380806,83107472234,134617121538886
1571,0,0,0,0,0,0
1579,3158,5037010,14840630,24113869714,84042085238,137719607916370
1583,0,0,0,0,0,0
1597,3194,4973776,10376804,23360393116,47104444364,130628178060556
1601,0,0,0,0,0,0
1607,0,0,0,0,0,0
1609,3218,5246532,15109016,25706343840,78766120688,137481543447312
1613,0,0,0,0,0,0
1619,0,0,0,0,0,0
1621,3242,5161816,24148220,24765963076,156459385412,138013528378996
1627,3254,5424418,16004294,26858886178,93279495494,156990327727138
1637,0,0,0,0,0,0
1657,-3314,5533764,-16657784,27513678624,-83439956624,136837861131984
1663,3326,5644222,16568594,28126807198,83194196546,141188375571982
1667,0,0,0,0,0,0
1669,3338,5285128,15706892,26193247924,76489304468,131811088021348
1693,10158,6118336,41475732,32343803884,230985863628,201522953263996
1697,0,0,0,0,0,0
1699,3398,5664466,17383670,28916499874,92926451558,154588349902066
1709,0,0,0,0,0,0
1721,0,0,0,0,0,0
1723,3446,5868538,17955134,30070937962,113682456206,189189925642138
1733,0,0,0,0,0,0
1741,-3482,6256264,-10028084,33270785716,-43089932252,210166763116324
1747,3494,6243778,18404774,32993084818,105380382614,189347871417058
1753,3506,5931540,15703784,31336666800,75661377536,170204991814560
1759,3518,6096694,18698282,32063344294,117042898058,200112059219494
1777,3554,6383820,24481904,33822944520,155354475944,188358041702520
1783,3566,6308254,19202354,33387255406,119507150066,205816919357134
1787,0,0,0,0,0,0
1789,-3578,6516280,-20427140,35231698084,-126393885548,212628852999700
1801,10806,6470700,58012080,34979051112,312184210776,189140744742360
1811,0,0,0,0,0,0
1823,0,0,0,0,0,0
1831,3662,6829630,20056274,37458311086,113444582642,211839848782510
1847,0,0,0,0,0,0
1861,-3722,6994384,-30290924,39308157916,-228824585972,266142415076044
1867,3734,7075930,20776094,39714831850,134906502734,258480886758970
1871,0,0,0,0,0,0
1873,3746,6988092,14977904,39119844408,69629535656,234337469313192
1877,0,0,0,0,0,0
1879,3758,7053766,21206330,39677943814,120130107338,224140190914006
1889,0,0,0,0,0,0
1901,0,0,0,0,0,0
1907,0,0,0,0,0,0
1913,0,0,0,0,0,0
1931,0,0,0,0,0,0
1933,11598,7352560,63984132,42439438300,402467431548,273357142652140
1949,0,0,0,0,0,0
1951,3902,7464526,22844258,43700837326,133764522482,255912002418526
1973,0,0,0,0,0,0
1979,0,0,0,0,0,0
1987,3974,7816858,23863454,46182169978,173372587454,333286388703898
1993,-3986,7989060,-30252344,48152245920,-212173864976,301554925866000
1997,0,0,0,0,0,0
1999,3998,7888054,24147242,47083080454,174817379498,339642635541094
2003,0,0,0,0,0,0
2011,4022,7911274,24114158,47168301946,167545853342,326776210595914
2017,4034,7935756,27571904,48000286536,207292729784,346092904169016
2027,0,0,0,0,0,0
2029,4058,8245840,23593940,50143204444,139271688188,305222376625420
2039,0,0,0,0,0,0
2053,-4106,8586352,-23168204,53146666108,-137656727636,336488996986732
2063,0,0,0,0,0,0
2069,0,0,0,0,0,0
2081,0,0,0,0,0,0
2083,4166,8494474,25901774,52611246346,178620140366,361878772626634
2087,0,0,0,0,0,0
2089,4178,8588004,9505592,53208519360,23480495888,399653056298544
2099,0,0,0,0,0,0
2111,0,0,0,0,0,0
2113,4226,9245772,24673424,58853489928,148462706696,376724385721272
2129,0,0,0,0,0,0
2131,4262,9150514,27075158,59055550306,201877228262,444001484720914
2137,-4274,9028020,-31482824,57664839120,-224071006304,378529847651520
2141,0,0,0,0,0,0
2143,4286,9382054,27741914,61099430326,214206518426,472952031300694
2153,0,0,0,0,0,0
2161,4322,9146508,32764448,58325902152,259690319192,429577142516088
2179,4358,9304330,28382030,60462757834,196352279438,417477159495370
2203,4406,9724042,29066894,64493540698,194613973886,433780025417962
2207,0,0,0,0,0,0
2213,0,0,0,0,0,0
2221,4442,9951424,11009204,66666247756,32510096732,539261991230524
2237,0,0,0,0,0,0
2239,4478,10178494,29936402,68348164894,220701606338,504308503873294
2243,0,0,0,0,0,0
2251,4502,10097986,30505958,67750319266,217280744582,478861612769026
2267,0,0,0,0,0,0
2269,13614,10644544,93180948,72401234284,636738100044,492557910603004
2273,0,0,0,0,0,0
2281,4562,10100820,35545544,68854252272,265243244192,474501779022240
2287,4574,10506478,31252994,72624309838,230533547954,540163855934398
2293,13758,10704904,85467132,74432088916,670544679828,612777666214564
2297,0,0,0,0,0,0
2309,0,0,0,0,0,0
2311,4622,10505806,32132258,72938226526,230911403042,524252977112446
2333,0,0,0,0,0,0
2339,0,0,0,0,0,0
2341,4682,10860376,36201548,75583949956,282892277972,556670253296116
2347,4694,10866610,33238934,76399089970,270444769814,620508889354930
2351,0,0,0,0,0,0
2357,0,0,0,0,0,0
2371,4742,11376058,33507134,81275576026,286880778782,698260423357498
2377,4754,10895460,36924104,77960875200,282622192544,569562127718640
2381,0,0,0,0,0,0
2383,4766,11290654,34250354,80007213406,277467545666,642587847122734
2389,14334,11157160,91640604,78825106804,745679401524,669769252088260
2393,0,0,0,0,0,0
2399,0,0,0,0,0,0
2411,0,0,0,0,0,0
2417,0,0,0,0,0,0
2423,0,0,0,0,0,0
2437,14622,11915512,107625132,87157481092,790534913412,637654204818772
2441,0,0,0,0,0,0
2447,0,0,0,0,0,0
2459,0,0,0,0,0,0
2467,4934,12369538,36436454,91429553458,275683887734,691621661262178
2473,14838,12382092,114202512,92630777928,937475754168,750398217268152
2477,0,0,0,0,0,0
2503,5006,12279718,37340954,90964397062,341197038986,829023598419958
2521,15126,12319548,126753216,92065063992,1117119483816,768613787804328
2531,0,0,0,0,0,0
2539,5078,12913354,38618702,98663983354,297502879838,763101293513194
2543,0,0,0,0,0,0
2549,0,0,0,0,0,0
2551,5102,12882550,39302954,97973034646,368326489562,914012421337030
2557,5114,12918304,50217284,98780985964,506703924524,922290893133724
2579,0,0,0,0,0,0
2591,0,0,0,0,0,0
2593,-5186,13322652,-34082144,103442678808,-264649257176,885984852673032
2609,0,0,0,0,0,0
2617,5234,13434084,45044264,105582513984,375859121984,833804777713584
2621,0,0,0,0,0,0
2633,0,0,0,0,0,0
2647,5294,13748518,41833754,108208016038,373506615914,963804363186358
2657,0,0,0,0,0,0
2659,5318,14289466,42150590,114578601754,408286609118,1114130149337146
2663,0,0,0,0,0,0
2671,5342,14386006,42538058,116185789606,410925414602,1129261090677766
2677,5354,14489176,26121884,115418826436,167465753444,1047940374606196
2683,5366,14611618,43059014,117472508002,363277007366,991130235020578
2687,0,0,0,0,0,0
2689,5378,14395932,25841984,117028999320,182677423928,1135373578317192
2693,0,0,0,0,0,0
2699,0,0,0,0,0,0
2707,5414,14937226,44247374,122819284906,439407238574,1222364665810186
2711,0,0,0,0,0,0
2713,5426,15010068,45434264,122159311152,441416066096,1169531044079328
2719,5438,14709790,44564210,119026966654,407252028578,1078947201144430
2729,0,0,0,0,0,0
2731,5462,15200746,45022958,126000240346,444778560062,1247514741019786
2741,0,0,0,0,0,0
2749,-5498,14619544,-35761316,119834062084,-254953385228,1017148363858804
2753,0,0,0,0,0,0
2767,5534,15102286,46129634,125410515886,420809676434,1143314652019486
2777,0,0,0,0,0,0
2789,0,0,0,0,0,0
2791,5582,15836134,46746458,132620078086,391524915722,1110825560690614
2797,5594,15818560,51164084,132759053260,454701276764,1119089370851260
2801,0,0,0,0,0,0
2803,5606,15466954,47199374,130186731946,400652189486,1105391454250954
2819,0,0,0,0,0,0
2833,16998,15932628,139592952,135473130672,1193969970048,1185085643384928
2837,0,0,0,0,0,0
2843,0,0,0,0,0,0
2851,5702,16552906,49004558,142780595146,475868525582,1389415234338826
2857,5714,16428180,77506184,141407634480,907135037024,1444833149626080
2861,0,0,0,0,0,0
2879,0,0,0,0,0,0
2887,5774,16657990,50043194,144075739750,434819544554,1249567682527510
2897,0,0,0,0,0,0
2903,0,0,0,0,0,0
2909,0,0,0,0,0,0
2917,17502,17337784,152369772,153201731524,1536932157252,1556004732642964
2927,0,0,0,0,0,0
2939,0,0,0,0,0,0
2953,-5906,17516868,-22668344,153404421792,-102489809936,1569749053260048
2957,0,0,0,0,0,0
2963,0,0,0,0,0,0
2969,0,0,0,0,0,0
2971,5942,17820058,52637534,159737951626,571896046382,1742780260515898
2999,0,0,0,0,0,0
3001,6002,18515460,77942504,168937163232,901229107712,1709040051458640
3011,0,0,0,0,0,0
3019,6038,17963050,54801710,162888461914,510387158078,1517371003571530
3023,0,0,0,0,0,0
3037,18222,17980096,159116052,161039694316,1732076462412,1770240167527036
3041,0,0,0,0,0,0
3049,6098,18389268,42075080,167573269680,323974018208,1596048167346528
3061,-6122,18108544,-24163388,163685781196,-112136284292,1743933218237884
3067,6134,19131946,56606894,176819423866,550080859934,1720672874030986
3079,6158,18874270,57118130,173069692174,585076982738,1759379312051470
3083,0,0,0,0,0,0
3089,0,0,0,0,0,0
3109,18654,19189624,192804780,177980780164,2038147664004,1777996537362004
3119,0,0,0,0,0,0
3121,6242,19896300,68325872,185656863912,717889388072,1783724985735960
3137,0,0,0,0,0,0
3163,6326,19654882,59685254,184377624418,681262336646,2099674319494882
3167,0,0,0,0,0,0
3169,-6338,19389948,-61291520,184206714360,-589355988728,1750269848823528
3181,6362,20704768,66760244,196996384396,679985001692,1888363015805308
3187,6374,20568898,60688934,196652658898,642583335254,2083936423548898
3191,0,0,0,0,0,0
3203,0,0,0,0,0,0
3209,0,0,0,0,0,0
3217,6434,20953164,67212944,204011506824,754174944584,2219385206465784
3221,0,0,0,0,0,0
3229,6458,21435616,44100548,210761006764,429288818348,2463451923956956
3251,0,0,0,0,0,0
3253,6506,21398152,102607004,209466050548,1371512033636,2426773861345252
3257,0,0,0,0,0,0
3259,6518,20955370,63905390,205099988794,657975735518,2111716685206090
3271,6542,21385798,64235834,209603094886,632138306282,2059348857336598
3299,0,0,0,0,0,0
3301,19806,21587128,174794220,212131422916,1729522791876,2237882495462548
3307,6614,22057690,65237534,220155843370,789078120974,2674707004795450
3313,6626,21675516,22398464,214006796664,77470784696,2585366998610856
3319,6638,21779278,66412322,216582365374,764345630018,2488899031156798
3323,0,0,0,0,0,0
3329,0,0,0,0,0,0
3331,6662,22137826,66729158,220225291666,692133509462,2271585481659586
3343,6686,22578622,66686354,227198867518,801425723426,2737769428593742
3347,0,0,0,0,0,0
3359,0,0,0,0,0,0
3361,6722,22056636,58975904,222930645432,627610024472,2562447334775976
3371,0,0,0,0,0,0
3373,6746,22755232,68515124,229830692908,697554113756,2329902450167452
3389,0,0,0,0,0,0
3391,6782,23391118,69374114,240499489486,853355602802,2964254085326878
3407,0,0,0,0,0,0
3413,0,0,0,0,0,0
3433,6866,23976948,88546904,246443947152,1147618122416,2921282219691648
3449,0,0,0,0,0,0
3457,6914,23950140,57060464,249241615800,526693336424,2718651766157160
3461,0,0,0,0,0,0
3463,6926,23887774,72223154,246518254606,824517748946,2794391660460814
3467,0,0,0,0,0,0
3469,6938,24587968,70310420,255745876684,719017396028,2661580539616828
3491,0,0,0,0,0,0
3499,6998,24094114,73228742,251644416514,819639696998,2812078898084194
3511,7022,25061518,74301794,266154532606,899968840322,3230033618789758
3517,21102,25496224,239608692,268258845004,2710467332652,2896381009957084
3527,0,0,0,0,0,0
3529,21174,25776492,251338992,278851825320,3317845726104,3561818664388632
3533,0,0,0,0,0,0
3539,0,0,0,0,0,0
3541,21246,25096840,247168380,266948127316,3309513842196,3467124451341220
3547,7094,24935410,75906134,264081895570,986149161014,3419090690881330
3557,0,0,0,0,0,0
3559,7118,25147894,76413482,266674037494,990707684858,3439495454783494
3571,7142,25875466,76522958,277243223146,819981701102,2970938030528266
3581,0,0,0,0,0,0
3583,7166,25317478,77102234,272349837622,834918656666,2949870724112278
3593,0,0,0,0,0,0
3607,7214,26439310,78368354,288007703230,943657025474,3474171988561150
3613,-7226,26129272,-90112964,283851303268,-1081171949996,3153075021601492
3617,0,0,0,0,0,0
3623,0,0,0,0,0,0
3631,7262,26092366,79493858,283646249326,1019987716562,3632605102089886
3637,7274,25753960,99857084,278609128660,1309402854404,3271353955429060
3643,7286,26134882,79447814,284677058338,899684841926,3220031482435042
3659,0,0,0,0,0,0
3671,0,0,0,0,0,0
3673,22038,26899116,217127472,295662989544,2556182415768,3680900173164696
3677,0,0,0,0,0,0
3691,7382,27276490,81652814,302677084666,911248139102,3387309923144170
3697,22182,27600804,203495112,306123094464,2496070717392,4076647082367024
3701,0,0,0,0,0,0
3709,-7418,27891064,-43908164,313732646884,-332348757548,4012093872125524
3719,0,0,0,0,0,0
3727,7454,28213390,83607074,317037841390,1006421014994,3822070244983390
3733,7466,27741544,135312284,309755932756,2103471759716,4213124004584644
3739,7478,27900418,84056102,311692423234,974925499238,3597046302521218
3761,0,0,0,0,0,0
3767,0,0,0,0,0,0
3769,22614,27729756,267479136,308950359000,3684523285704,4158408226612296
3779,0,0,0,0,0,0
3793,7586,27856668,91634864,315715713432,1089313452776,3601964219196168
3797,0,0,0,0,0,0
3803,0,0,0,0,0,0
3821,0,0,0,0,0,0
3823,7646,28848358,87838874,331207620502,1030126853306,3885085058586838
3833,0,0,0,0,0,0
3847,7694,29121790,88320914,332441480110,1241791155314,4664500722485230
3851,0,0,0,0,0,0
3853,7706,29078272,90031604,338807585548,1084764001436,4088822877499132
3863,0,0,0,0,0,0
3877,-7754,29706640,-67969964,343445574940,-750938430644,4484791801020940
3881,0,0,0,0,0,0
3889,-7778,29945436,-91562336,349190479320,-1075151913368,4073985002854536
3907,7814,30279250,92075894,353088705250,1321178785574,5047714927371250
3911,0,0,0,0,0,0
3917,0,0,0,0,0,0
3919,7838,30231166,91702610,352045095934,1276012183778,4888439374176526
3923,0,0,0,0,0,0
3929,0,0,0,0,0,0
3931,7862,31031314,92371958,368308715506,1205387866262,4838078677276114
3943,7886,30889462,93757994,362932586998,1337955468026,5151811164238342
3947,0,0,0,0,0,0
3967,7934,31172686,94888034,369981587086,1349646019634,5250805952011486
3989,0,0,0,0,0,0
4001,0,0,0,0,0,0
4003,8006,31599682,96084134,379208664178,1156985052086,4565023794160162
4007,0,0,0,0,0,0
4013,0,0,0,0,0,0
4019,0,0,0,0,0,0
4021,8042,31162120,70510172,369355120756,755894875172,4852752881568100
4027,8054,32852266,97168814,396524856826,1190144891294,4855726389115786
4049,0,0,0,0,0,0
4051,8102,33048058,97958654,404140640506,1441376923262,5974905857026618
4057,24342,31902876,331234272,385149975576,4583150803272,5011471527645576
4073,0,0,0,0,0,0
4079,0,0,0,0,0,0
4091,0,0,0,0,0,0
4093,8186,32641072,126430244,395183643388,2003643937676,5762022230057452
4099,8198,34128274,101333942,423957776674,1524063428198,6387847899686194
4111,8222,33784198,101451194,416256220726,1254029992922,5138680599651958
4127,0,0,0,0,0,0
4129,24774,33721524,319148568,416846132880,4277795497824,5459624004497664
4133,0,0,0,0,0,0
4139,0,0,0,0,0,0
4153,-8306,33389220,-128631704,410946132480,-1899022681136,5420208373510320
4157,0,0,0,0,0,0
4159,8318,34777558,103319882,436879588294,1500378396458,6382538258890438
4177,8354,35924604,112032224,454638175224,1614838641944,6377225303131944
4201,8402,34982388,151118408,443513424912,2485077600032,6464360757240768
4211,0,0,0,0,0,0
4217,0,0,0,0,0,0
4219,8438,35127394,106812422,444659391394,1352191790918,5629387420186594
4229,0,0,0,0,0,0
4231,8462,36293518,107496674,461115632926,1373037903842,5891695389474238
4241,0,0,0,0,0,0
4243,8486,36549202,108486134,468929792578,1603764355526,6944724497739442
4253,0,0,0,0,0,0
4259,0,0,0,0,0,0
4261,-8522,36411088,-87455084,467257562716,-961761881972,6110728473606988
4271,0,0,0,0,0,0
4273,8546,37573020,48540224,490494600600,382299633656,7602609515956680
4283,0,0,0,0,0,0
4289,0,0,0,0,0,0
4297,25782,37645500,401158272,492131473080,6701304445992,7775541582854760
4327,8654,37117006,112885154,480239919646,1769944797794,7510961548217086
4337,0,0,0,0,0,0
4339,8678,38209234,113392502,500690700034,1665510520838,7366648831055794
4349,0,0,0,0,0,0
4357,26142,37993240,342091212,497724367780,4525339163172,6593630966165620
4363,8726,38211154,113828534,503119382866,1635590513846,7274589932562514
4373,0,0,0,0,0,0
4391,0,0,0,0,0,0
4397,0,0,0,0,0,0
4409,0,0,0,0,0,0
4421,0,0,0,0,0,0
4423,8846,39426622,116789714,525633792238,1890061885106,8536065312320302
4441,-8882,38883252,-152594888,513571507152,-2674505970272,8278857041856192
4447,8894,40067470,118668194,534600974350,1583448977714,7133714861660830
4451,0,0,0,0,0,0
4457,0,0,0,0,0,0
4463,0,0,0,0,0,0
4481,0,0,0,0,0,0
4483,8966,40553218,120019814,546847247602,1927096138166,8799629438535778
4493,0,0,0,0,0,0
4507,9014,40445818,122355134,543332613418,1886038388174,8323384956037018
4513,27078,39859140,417940392,533456705760,7035758139888,8512241563869840
4517,0,0,0,0,0,0
4519,9038,40282366,122302610,544678461934,1706893417778,7594731600482926
4523,0,0,0,0,0,0
4547,0,0,0,0,0,0
4549,-9098,41216848,-194584172,567581564764,-3585204325748,9129975476032588
4561,-9122,42015420,-152609024,577682640312,-2549262028472,8888525026245480
4567,9134,41696710,125199674,570787504390,1718857196234,7827206031373270
4583,0,0,0,0,0,0
4591,9182,42356566,125942858,587150903206,2001090546122,9384170535155206
4597,-9194,40930336,-80471324,553447591276,-995371944164,8912486746183516
4603,9206,42964402,127455254,595661296018,1871700060086,8758209363451762
4621,27726,41877904,437506212,582254748796,7116245226396,8957924841826444
4637,0,0,0,0,0,0
4639,9278,43467430,128620250,605344587574,2037032278298,9597801825569110
4643,0,0,0,0,0,0
4649,0,0,0,0,0,0
4651,9302,42631066,129172958,589150769386,2178339211982,9916615584101626
4657,9314,44793084,159445184,634236708984,2645674325624,9653350866018984
4663,9326,43580398,130189634,612072095902,1892552538146,8940642130351198
4673,0,0,0,0,0,0
4679,0,0,0,0,0,0
4691,0,0,0,0,0,0
4703,0,0,0,0,0,0
4721,0,0,0,0,0,0
4723,9446,44084482,134022374,625196861458,1933806189206,9022847974282402
4729,9458,45597108,191304440,654498073680,3648362908688,11255240362560768
4733,0,0,0,0,0,0
4751,0,0,0,0,0,0
4759,9518,45162910,136266290,641491125934,2091805623218,9790738384275790
4783,9566,45505462,137868074,648802658758,2350740281066,11003870345518822
4787,0,0,0,0,0,0
4789,-9578,46148896,-190028060,666080840044,-3463510661348,10721188373767516
4793,0,0,0,0,0,0
4799,0,0,0,0,0,0
4801,-9602,44803452,-142070144,645020228472,-2083289518712,9290115744245352
4813,-9626,47930344,-96439124,699966588436,-1085246774396,10713526345764484
4817,0,0,0,0,0,0
4831,9662,47005630,139360274,684633557086,2463628832642,12147105184282510
4861,9722,47330128,221489924,694049557276,4333848654572,11775933778782988
4871,0,0,0,0,0,0
4877,0,0,0,0,0,0
4889,0,0,0,0,0,0
4903,9806,48765238,144921194,723994229302,2607229270586,13046738784069958
4909,9818,48520528,141820916,707818199644,2368056338588,11830038294964108
4919,0,0,0,0,0,0
4931,0,0,0,0,0,0
4933,9866,48747880,152924684,722511641620,2342043482516,10761195376781380
4937,0,0,0,0,0,0
4943,0,0,0,0,0,0
4951,9902,49599118,146912354,736119766846,2206745405762,11055050038801918
4957,9914,49103440,61452644,726497296540,444076018124,12644990312240140
4967,0,0,0,0,0,0
4969,29814,49898364,416686848,741119808120,6346480191144,11687129468678184
4973,0,0,0,0,0,0
4987,9974,49062106,148740254,729921131146,2451638017454,12011700472398586
4993,9986,50911740,180796544,766411340280,3082241977976,11848200724929000
4999,9998,50439910,149338970,757369319494,2594871648458,13177954879050550
5003,0,0,0,0,0,0
5009,0,0,0,0,0,0
5011,10022,49659010,150939494,747226950226,2349578824022,11633044553629090
5021,0,0,0,0,0,0
5023,10046,49958758,151890074,752805206902,2550871452506,12634318137935638
5039,0,0,0,0,0,0
5051,0,0,0,0,0,0
5059,10118,51227434,153439982,778694334634,2342153077358,11910643939596394
5077,30462,49763656,412480572,748153270036,6159704792532,11922844108041316
5081,0,0,0,0,0,0
5087,0,0,0,0,0,0
5099,0,0,0,0,0,0
5101,10202,51600304,212529908,794778787516,4139751243932,13832273827949164
5107,10214,52081186,156729734,795535574386,2461818518774,12448344039800386
5113,-10226,52037988,-78668504,796680549312,-941110902896,14924845991000688
5119,10238,52019278,157953122,795611020174,2963352116018,14882453981042398
5147,0,0,0,0,0,0
5153,0,0,0,0,0,0
5167,10334,52755070,160202834,817834491070,2483704556834,12679705236477070
5171,0,0,0,0,0,0
5179,10358,54306994,161040662,844421080594,2514965767478,13190794997966194
5189,0,0,0,0,0,0
5197,-10394,54315880,-172092884,846662929300,-2816414055164,13348072240943620
5209,-10418,54875412,-160591592,856596392880,-2526918391808,13581507312661152
5227,10454,55186666,163423214,865198952026,2813345634494,14902401265051786
5231,0,0,0,0,0,0
5233,-10466,55334028,-156063344,873577276872,-2765767624616,15893059050518328
5237,0,0,0,0,0,0
5261,0,0,0,0,0,0
5273,0,0,0,0,0,0
5279,0,0,0,0,0,0
5281,-10562,56090556,-112665152,884702586552,-1641374463032,16243243013522856
5297,0,0,0,0,0,0
5303,0,0,0,0,0,0
5309,0,0,0,0,0,0
5323,10646,56072482,170389574,896149537858,2872183872806,15105512478677602
5333,0,0,0,0,0,0
5347,10694,57480250,170819774,927502705690,3254658037214,17758245438339130
5351,0,0,0,0,0,0
5381,0,0,0,0,0,0
5387,0,0,0,0,0,0
5393,0,0,0,0,0,0
5399,0,0,0,0,0,0
5407,10814,59228278,175886954,964898202598,3081963715274,16929042794127718
5413,10826,59506216,132477164,970485614164,1802385175796,16477647544023556
5417,0,0,0,0,0,0
5419,10838,59424754,176209622,966158381554,2865080264918,15709734482961394
5431,10862,58318078,177088274,950689722766,2899463853842,15568170654859438
5437,10874,57785152,278937284,929355629452,6188200537004,17846948513569852
5441,0,0,0,0,0,0
5443,10886,59034778,178346654,958507950202,3265745614526,17451458382488218
5449,-10898,58332036,-162978296,956137912800,-2530726520528,15845691813423696
5471,0,0,0,0,0,0
5477,0,0,0,0,0,0
5479,10958,59227990,179307530,964673887894,3593080278938,19297698843722470
5483,0,0,0,0,0,0
5501,0,0,0,0,0,0
5503,11006,59751574,180899594,977737118086,3615221918186,19506180745022854
5507,0,0,0,0,0,0
5519,0,0,0,0,0,0
5521,-11042,61448268,-91982768,1023809087112,-1001277829352,19714125081579768
5527,11054,61338646,182641994,1022931546166,3436489510394,19353600721821286
5531,0,0,0,0,0,0
5557,11114,63069160,200936924,1065082445140,4202740469924,21756451499591620
5563,11126,61938442,185548814,1035161904538,3112833398846,17398774556328682
5569,11138,62792748,83756816,1058061823080,929736704648,21556318579056408
5573,0,0,0,0,0,0
5581,33486,63185296,524088996,1064475470716,9209226512796,19499869302953356
5591,0,0,0,0,0,0
5623,11246,62404054,188963594,1044751858486,3734539805306,20612357181931174
5639,0,0,0,0,0,0
5641,11282,63987156,73748408,1089446430192,544514333072,22034511338306016
5647,11294,63890158,191000834,1085967119758,3341450720114,19076441798391358
5651,0,0,0,0,0,0
5653,33918,62258152,488548572,1046750726068,8348218859508,19562710419748612
5657,0,0,0,0,0,0
5659,11318,63414754,192642182,1077200982754,3522613943558,19692965398944994
5669,0,0,0,0,0,0
5683,11366,65320402,193693814,1113220401538,3308563775366,19013188139660722
5689,11378,64026852,176438552,1092218078400,2823510842288,18712546931746032
5693,0,0,0,0,0,0
5701,11402,65457976,219959948,1123852123876,4786757190932,23515565589304276
5711,0,0,0,0,0,0
5717,0,0,0,0,0,0
5737,11474,64830324,282732104,1104222232464,6556784124704,22890288286442304
5741,0,0,0,0,0,0
5743,11486,65803294,198352754,1128797109406,3634731853826,20580794045106094
5749,11498,65062024,165153116,1126617953524,2550312680228,19986067099791844
5779,11558,67672090,201257630,1183352063194,4267734598238,25131823933214170
5783,0,0,0,0,0,0
5791,11582,67604134,200394458,1177042220086,4143750045722,24383489158262614
5801,0,0,0,0,0,0
5807,0,0,0,0,0,0
5813,0,0,0,0,0,0
5821,11642,68302576,98115908,1200402157756,987177815852,23997023824309036
5827,11654,68234170,202920254,1199644205530,4183210091294,24850894493279290
5839,11678,67323670,203914250,1172669231014,3985942996298,22886827755517510
5843,0,0,0,0,0,0
5849,0,0,0,0,0,0
5851,11702,69357754,206248958,1227057116266,4342078983182,25872830428369114
5857,11714,70230780,201204944,1231740917880,3540403454024,21949110741789480
5861,0,0,0,0,0,0
5867,0,0,0,0,0,0
5869,11738,68579776,135300212,1215341173324,2159598000668,25146973379796796
5879,0,0,0,0,0,0
5881,11762,69765492,106324808,1233533453712,1146900281312,24520847973351552
5897,0,0,0,0,0,0
5903,0,0,0,0,0,0
5923,11846,71064154,211302494,1271868289786,4421831420606,26656959789184474
5927,0,0,0,0,0,0
5939,0,0,0,0,0,0
5953,11906,71083308,226966304,1270539733992,4239630749336,22802015071234008
5981,0,0,0,0,0,0
5987,0,0,0,0,0,0
6007,12014,71711566,217434914,1286508923326,4795628638274,28281945543309886
