3,0,0,0,0,
5,0,30,30,210,
7,0,54,0,486,
11,0,132,0,3300,
13,0,282,-150,6582,
17,0,306,510,10710,
19,0,126,0,1638,
23,0,552,0,27048,
29,0,870,-1218,43674,
31,0,666,0,32850,
37,148,1306,10294,93046,
41,0,1722,-738,144894,
43,0,1914,0,175506,
47,0,2256,0,232368,
53,0,2862,-4770,325314,
59,0,3540,0,377364,
61,-244,5050,-34822,681454,
67,0,3630,0,478110,
71,0,5112,0,700344,
73,0,4134,-6414,407586,
79,0,5514,0,634290,
83,0,6972,0,1058748,
89,0,8010,6942,1369710,
97,0,10086,9918,2150394,
101,0,10302,19998,2137362,
103,0,8046,0,1590750,
107,0,11556,0,2661732,
109,0,8934,-2130,1270842,
113,0,12882,3390,2783190,
127,0,17634,0,5161962,
131,0,17292,0,4280556,
137,0,18906,-28770,5310942,
139,0,16146,0,3207402,
149,0,22350,15198,6550338,
151,0,32298,0,12112962,
157,628,24610,277978,7869862,
163,0,30906,0,10356354,
167,0,28056,0,9695352,
173,0,30102,-57090,10200426,
179,0,32220,0,11734524,
181,0,33714,71730,12722238,
191,0,36672,0,13898688,
193,-772,42070,-437602,16752178,
197,0,39006,76830,15648498,
199,0,44190,0,18300078,
211,0,55026,0,22829274,
223,0,41586,0,15485946,
227,0,51756,0,24110124,
229,0,51270,156318,22736202,
233,0,54522,-48930,26434782,
239,0,57360,0,26488848,
241,0,71622,146454,37564650,
251,0,63252,0,32954292,
257,0,66306,131070,32568582,
263,0,69432,0,37108248,
269,0,72630,-37122,38895786,
271,0,70218,0,41641146,
277,0,75222,-7002,39841290,
281,0,79242,129822,43709550,
283,0,86706,0,45362682,
293,0,86142,-167010,51149010,
307,0,87546,0,50275218,
311,0,97032,0,60734568,
313,1252,105310,704134,64646506,
317,0,100806,47550,61006650,
331,0,85698,0,47534202,
337,0,99270,-95850,64477962,
347,0,120756,0,83167572,
349,-1396,121954,-920602,74246350,
353,0,124962,-158850,92143590,
359,0,129240,0,97524504,
367,0,135774,0,104003910,
373,-1492,138058,-1445818,113413126,
379,0,140166,0,105091974,
383,0,147072,0,109568640,
389,0,151710,-147042,122952786,
397,-1588,175906,-1339342,140329318,
401,0,161202,319998,127674390,
409,0,169518,341742,134536530,
419,0,175980,0,149326572,
421,0,170442,488310,145590030,
431,0,186192,0,163414512,
433,-1732,161938,-1009150,130611046,
439,0,177450,0,146876802,
443,0,196692,0,170010996,
449,0,202050,315198,181513638,
457,0,212862,-153210,198396498,
461,0,212982,-240642,189291210,
463,0,204246,0,184003038,
467,0,218556,0,197389692,
479,0,229920,0,226057344,
487,0,248382,0,246358134,
491,0,241572,0,240917988,
499,0,261450,0,259884162,
503,0,253512,0,257531976,
509,0,259590,467262,269860602,
521,0,271962,290718,278779806,
523,0,306414,0,332186310,
541,0,282450,-403122,329154438,
547,0,299250,0,336315762,
557,0,310806,-183810,343300266,
563,0,317532,0,350548572,
569,0,324330,262878,356930286,
571,0,320646,0,351619518,
577,2308,331390,1772530,369367186,
587,0,345156,0,415208580,
593,0,352242,-551490,423405558,
599,0,359400,0,424393896,
601,-2404,339490,-3124846,380583766,
607,0,399006,0,503266302,
613,-2452,405706,-3645682,550269430,
617,0,381306,-129570,482848158,
619,0,331998,0,372581646,
631,0,435978,0,559441170,
641,0,411522,-780738,530259558,
643,0,382914,0,468570474,
647,0,419256,0,538184952,
653,0,427062,411390,576302538,
659,0,434940,0,560131548,
661,2644,404410,3341542,498390310,
673,2692,467254,5197798,604331794,
677,0,459006,913950,636495090,
683,0,467172,0,636017796,
691,0,479490,0,713478570,
701,0,492102,912702,674621370,
709,0,542610,-148998,838420974,
719,0,517680,0,735416208,
727,0,554946,0,828744234,
733,0,550182,513702,911776602,
739,0,530346,0,742142658,
743,0,552792,0,807486456,
751,0,608610,0,960269538,
757,0,579186,-784566,888366942,
761,0,579882,59358,891744366,
769,3076,555214,4952074,745223122,
773,0,598302,301470,915833394,
787,0,609150,0,935682582,
797,0,636006,884670,1019345466,
809,0,655290,1228062,1027247166,
811,0,695946,0,1229287170,
821,0,674862,-704418,1097586690,
823,0,785730,0,1471393362,
827,0,684756,0,1167747156,
829,0,632898,1852758,1005032646,
839,0,704760,0,1197266424,
853,3412,663682,3600442,1028562790,
857,0,735306,-1414050,1226948046,
859,0,716706,0,1255526658,
863,0,745632,0,1245453984,
877,-3508,789898,-3237790,1316442430,
881,0,777042,-650178,1362566934,
883,0,739890,0,1256073570,
887,0,787656,0,1425976680,
907,0,878190,0,1761407574,
911,0,830832,0,1501575792,
919,0,789474,0,1384708458,
929,0,863970,-239682,1593366918,
937,-3748,810766,-4605874,1499922778,
941,0,886422,-1394562,1684421994,
947,0,897756,0,1738498812,
953,0,909162,1172190,1747632366,
967,0,786738,0,1354224090,
971,0,943812,0,1850815332,
977,0,955506,-1846530,1877205846,
983,0,967272,0,1945042440,
991,0,935550,0,1826404470,
997,-3988,1066690,-7742638,2276425702,
1009,0,999102,-268806,1955110026,
1013,0,1027182,-91170,2061359778,
1019,0,1039380,0,2115211668,
1021,4084,1043266,5441242,2036706886,
1031,0,1063992,0,2145774936,
1033,0,1048230,-1983102,2128871106,
1039,0,980190,0,1925277174,
1049,0,1101450,2095902,2281178478,
1051,0,1027986,0,2194009818,
1061,0,1126782,-1827042,2418818994,
1063,0,1043082,0,2150290602,
1069,4276,1139986,8641018,2483349958,
1087,0,1171770,0,2489275122,
1091,0,1191372,0,2567013900,
1093,0,1348278,2282430,3142270122,
1097,0,1204506,-1283490,2619405630,
1103,0,1217712,0,2742658032,
1109,0,1230990,-312738,2664361410,
1117,0,1309242,-3651438,3216934470,
1123,0,1101762,0,2268368010,
1129,0,1229166,3015918,2607763842,
1151,0,1325952,0,3101401728,
1153,0,1391286,3797598,3271807578,
1163,0,1353732,0,3135089796,
1171,0,1398762,0,3376742634,
1181,0,1395942,2671422,3331291578,
1187,0,1410156,0,3427149132,
1193,0,1424442,2040030,3377867358,
1201,4804,1558894,8573530,3744560386,
1213,0,1567122,3454758,3857467110,
1217,0,1482306,-1715970,3558009030,
1223,0,1496952,0,3740354712,
1229,0,1511670,-3001218,3723715146,
1231,0,1499658,0,3656600250,
1237,0,1566090,-3393882,3909450654,
1249,0,1630998,-4645866,4189991994,
1259,0,1586340,0,3969430596,
1277,0,1632006,2643390,4123343610,
1279,0,1715634,0,4632188634,
1283,0,1647372,0,4219166028,
1289,0,1662810,-2993058,4354404414,
1291,0,1651926,0,4149244758,
1297,5188,1556878,6685810,3733897282,
1301,0,1693902,132702,4341377154,
1303,0,1681458,0,4362475434,
1307,0,1709556,0,4403518260,
1319,0,1741080,0,4601231256,
1321,-5284,1840990,-19751266,5006454682,
1327,0,1748970,0,4422397410,
1361,0,1853682,-1527042,5032419990,
1367,0,1870056,0,5117949576,
1373,0,1886502,-3748290,5163009978,
1381,0,1914114,-1188606,5532655278,
1399,0,2040714,0,5715586530,
1409,0,1986690,448062,5670140070,
1423,0,2045874,0,5999958138,
1427,0,2037756,0,5865843324,
1429,5716,2074402,17587090,5739099238,
1433,0,2054922,-3740130,5780375214,
1439,0,2072160,0,6061482432,
1447,0,2300742,0,6783454206,
1451,0,2106852,0,6159268644,
1453,0,1915050,-7370574,5306428470,
1459,0,2199954,0,6284436474,
1471,0,2038914,0,5590198890,
1481,0,2194842,-2870178,6503814462,
1483,0,2202138,0,6483446082,
1487,0,2212656,0,6506136528,
1489,0,2336574,3755442,7077872586,
1493,0,2230542,4165470,6654996738,
1499,0,2248500,0,6668313492,
1511,0,2284632,0,6729111576,
1523,0,2321052,0,7097502876,
1531,0,2326086,0,7022701710,
1543,0,2253162,0,6965417874,
1549,6196,2471458,23509294,8061642430,
1553,0,2413362,1537470,7435549686,
1559,0,2432040,0,7560763368,
1567,0,2326626,0,7191728514,
1571,0,2469612,0,7825747980,
1579,0,2534850,0,8182483146,
1583,0,2507472,0,8050124880,
1597,0,2428134,-1252074,7575009018,
1601,0,2564802,5119998,8302667526,
1607,0,2584056,0,8115748536,
1609,0,2445534,-7326618,7215482178,
1613,0,2603382,4113150,8273867370,
1619,0,2622780,0,8395985052,
1621,0,2485938,-1577742,7943853342,
1627,0,2762754,0,9260429802,
1637,0,2681406,-933090,8899586514,
1657,-6628,2841826,-19247614,9765278998,
1663,0,2765934,0,9040780494,
1667,0,2780556,0,9395858796,
1669,0,2795106,-5838078,9541299342,
1693,6772,2820586,31338754,9624225454,
1697,0,2881506,-5651010,9920373510,
1699,0,2765274,0,8988979506,
1709,0,2922390,-2532738,9814339242,
1721,0,2963562,5090718,10130601102,
1723,0,2889594,0,9962392338,
1733,0,3005022,4003230,10552129554,
1741,-6964,2822746,-21959662,9352010782,
1747,0,2966994,0,10443680154,
1753,0,3004542,11660310,10527675426,
1759,0,3202194,0,11005463010,
1777,0,3216174,14414574,11788426914,
1783,0,2969694,0,9776003310,
1787,0,3195156,0,11653463028,
1789,-7156,3195586,-44791246,11547162694,
1801,7204,3261538,28754602,12067754998,
1811,0,3281532,0,11724479196,
1823,0,3325152,0,12215908416,
1831,0,3463290,0,12964380210,
1847,0,3413256,0,12621999048,
1861,-7444,3636442,-21439306,14100260374,
1867,0,3443346,0,13269542850,
1871,0,3502512,0,13162170672,
1873,0,3338454,-4364178,12043844202,
1877,0,3525006,-5574690,13367712450,
1879,0,3671550,0,14030910918,
1889,0,3570210,4952958,13465710054,
1901,0,3615702,-2087298,13961343210,
1907,0,3638556,0,14014687932,
1913,0,3661482,-6829410,13883662542,
1931,0,3730692,0,14238382980,
1933,7732,3734578,17763418,14010588262,
1949,0,3800550,-6817602,14517153786,
1951,0,3946950,0,15804728190,
1973,0,3894702,3610590,15455680962,
1979,0,3918420,0,15425109684,
1987,0,3785622,0,14431919478,
1993,-7972,3873478,-24895102,15831113914,
1997,0,3990006,1258110,16083714186,
1999,0,3879354,0,15825738162,
2003,0,4014012,0,15924883548,
2011,0,3994146,0,15578136594,
2017,0,3843246,-15101082,15123138402,
2027,0,4110756,0,16488193668,
2029,0,4183794,-7250346,16407943254,
2039,0,4159560,0,17316933384,
2053,-8212,4216762,-54950002,17347922230,
2063,0,4258032,0,17748962736,
2069,0,4282830,3389022,17637997410,
2081,0,4332642,-5331522,17649822534,
2083,0,4437378,0,18113112162,
2087,0,4357656,0,18256625208,
2089,0,4281006,12902022,17799816162,
2099,0,4407900,0,18582875196,
2111,0,4458432,0,18970020192,
2113,0,4324926,5236518,17614805970,
2129,0,4534770,4560318,19724192886,
2131,0,4367526,0,18288180654,
2137,-8548,4563430,-35551246,19931676106,
2141,0,4586022,8953662,19566551898,
2143,0,4770426,0,21383874642,
2153,0,4637562,-2519010,20141913534,
2161,0,4944846,-10325478,21497245194,
2179,0,4537650,0,19224628122,
2203,0,4859754,0,21238640322,
2207,0,4873056,0,21709888224,
2213,0,4899582,-9759330,21572700210,
2221,0,4784082,3573486,21607800630,
2237,0,5006406,8925630,22136569050,
2239,0,4988346,0,22504878042,
2243,0,5033292,0,22507885932,
2251,0,5019474,0,22654840890,
2267,0,5141556,0,23214941460,
2269,9076,5307274,49042690,23444476078,
2273,0,5168802,-9751170,23098421478,
2281,0,4997118,8805942,22030510386,
2287,0,5264274,0,25644251802,
2293,9172,5146714,50229118,22795659910,
2297,0,5278506,7235550,24016471854,
2309,0,5333790,-9739362,24528326898,
2311,0,5314146,0,24728830746,
2333,0,5445222,-6369090,25255009626,
2339,0,5473260,0,25890456492,
2341,0,5243046,-16094802,23494550154,
2347,0,5342370,0,23109849258,
2351,0,5529552,0,26011802544,
2357,0,5557806,-4737570,26057921922,
2371,0,5085030,0,21879417270,
2377,0,5272086,-4426086,24236541570,
2381,0,5671542,-328578,26954181930,
2383,0,5599266,0,26729587914,
2389,9556,5765602,50998810,27329720518,
2393,0,5728842,-1651170,27870213294,
2399,0,5757600,0,27950384352,
2411,0,5815332,0,28009676772,
2417,0,5844306,-11529090,28215917814,
2423,0,5873352,0,28444294824,
2437,9748,6167962,53931646,30593774998,
2441,0,5960922,3705438,29578080318,
2447,0,5990256,0,28771904304,
2459,0,6049140,0,29170103892,
2467,0,5791050,0,26174478330,
2473,9892,5999014,41201434,29206692730,
2477,0,6138006,8694270,30448121226,
2503,0,6322590,0,31799305350,
2521,10084,6115270,34841266,30964700842,
2531,0,6408492,0,32023841964,
2539,0,6515010,0,33581845746,
2543,0,6469392,0,32938848336,
2549,0,6499950,12495198,33253790082,
2551,0,6451326,0,33782853078,
2557,0,6497778,13764030,32654063622,
2579,0,6653820,0,34063318524,
2591,0,6715872,0,34929250272,
2593,-10372,6903334,-22752178,35891939506,
2609,0,6809490,-9439362,35313310710,
2617,0,6990462,36000870,36159369714,
2621,0,6872262,12470718,36481221978,
2633,0,6935322,-5608290,36452636958,
2647,0,6972786,0,37164514050,
2657,0,7062306,-11398530,37550950566,
2659,0,7617558,0,41055693078,
2663,0,7094232,0,38118842424,
2671,0,7236474,0,37144218354,
2677,0,6992778,8386302,38431641342,
2683,0,6878178,0,35500458474,
2687,0,7222656,0,38515071072,
2689,0,7057470,1648470,39085082562,
2693,0,7254942,-9290850,39495435666,
2699,0,7287300,0,39261543300,
2707,0,7097766,0,36732352614,
2711,0,7352232,0,39568086024,
2713,0,7383342,-22481754,40342679634,
2719,0,7563474,0,42478710138,
2729,0,7450170,14621982,41175714174,
2731,0,7717914,0,42666785874,
2741,0,7515822,8173662,40722121506,
2749,-10996,7559554,-65217838,43343621542,
2753,0,7581762,14618430,41829671142,
2767,0,7426386,0,39518758746,
2777,0,7714506,6081630,42296770254,
2789,0,7781310,12332958,43354296594,
2791,0,8024034,0,44444465994,
2797,0,7571034,22190730,41045616342,
2801,0,7848402,-11209602,44349975222,
2803,0,8193834,0,47485440162,
2819,0,7949580,0,44984034636,
2833,11332,7305202,52437466,38169673606,
2837,0,8051406,-2978850,45248544258,
2843,0,8085492,0,46049128596,
2851,0,8331210,0,47954148642,
2857,0,7971222,4287282,45145027362,
2861,0,8188182,12239358,46345779594,
2879,0,8291520,0,48341219904,
2887,0,8724498,0,50270486370,
2897,0,8395506,5649150,49257685206,
2903,0,8430312,0,48297814824,
2909,0,8465190,-15760962,48814980666,
2917,11668,8990626,62531530,52812210598,
2927,0,8570256,0,49737410448,
2939,0,8640660,0,51574124532,
2953,-11812,8328466,-62108062,49664546374,
2957,0,8746806,7540350,51845867562,
2963,0,8782332,0,51279396540,
2969,0,8817930,1371678,52217055918,
2971,0,8975226,0,53620042674,
2999,0,8997000,0,54733789320,
3001,0,8805702,9166578,51964989042,
3011,0,9069132,0,54662332332,
3019,0,9260586,0,55533253842,
3023,0,9141552,0,55251104976,
3037,12148,9214306,54158926,57131146318,
3041,0,9250722,-18300738,56670634566,
3049,0,9755502,36104382,59195476482,
3061,-12244,8857090,-26083582,52378482118,
3067,0,8926422,0,52060949862,
3079,0,9895122,0,62432088714,
3083,0,9507972,0,58066886820,
3089,0,9545010,-18293058,59434404918,
3109,12436,9508522,95586286,58364126326,
3119,0,9731280,0,59849917104,
3121,0,10367766,16950774,68148925002,
3137,0,9843906,19668990,61438640646,
3163,0,9621954,0,58115674602,
3167,0,10033056,0,63191835072,
3169,-12676,10036126,-19422934,62056321618,
3181,0,10634790,23649462,70156256538,
3187,0,9662958,0,61541214462,
3191,0,10185672,0,64291119240,
3203,0,10262412,0,65072570796,
3209,0,10300890,-15460962,65596625886,
3217,0,10674774,-28096938,70989086250,
3221,0,10378062,-18224418,66969981954,
3229,0,10182150,-50336226,65160782586,
3251,0,10572252,0,68421391260,
3253,0,10840602,45183390,71734264158,
3257,0,10611306,19639710,69976403982,
3259,0,10310250,0,65460906210,
3271,0,10669986,0,68244605802,
3299,0,10886700,0,71312041740,
3301,13204,10971730,126414730,71879066902,
3307,0,10863666,0,72184689666,
3313,0,10922430,15099018,71518656234,
3319,0,11975814,0,83807419518,
3323,0,11045652,0,72463504596,
3329,0,11085570,13841982,73890717030,
3331,0,11025354,0,72215105826,
3343,0,11381634,0,76932016650,
3347,0,11205756,0,75810313116,
3359,0,11286240,0,74809068288,
3361,0,11325414,-17176314,76442411226,
3371,0,11367012,0,77883085092,
3373,0,10790742,-17780082,72221156922,
3389,0,11488710,22631742,78871092186,
3391,0,11861826,0,82893553962,
3407,0,11611056,0,79759941456,
3413,0,11651982,22628190,80711477250,
3433,0,12391686,20396826,86968791810,
3449,0,11899050,-1717602,81039462990,
3457,0,11720958,-980322,78012471570,
3461,0,11981982,10652958,81652389618,
3463,0,11877306,0,81217509234,
3467,0,12023556,0,83914643940,
3469,0,11898666,-17839134,80395934742,
3491,0,12190572,0,85795611948,
3499,0,12450894,0,87583067646,
3511,0,12534858,0,85563334746,
3517,14068,11950570,129813922,81050695246,
3527,0,12443256,0,87950203128,
3529,14116,12443446,76039882,89450038426,
3533,0,12485622,22575870,86900331882,
3539,0,12528060,0,87880518780,
3541,14164,12963778,71818474,91884364006,
3547,0,11906730,0,84256918362,
3557,0,12655806,-8856930,90602915154,
3559,0,12887994,0,94203149106,
3571,0,12237714,0,84786365538,
3581,0,12827142,-24214722,92136329658,
3583,0,12795642,0,93102148242,
3593,0,12913242,-14551650,93472663902,
3607,0,13397370,0,97060119378,
3613,-14452,13392130,-127013458,96001143886,
3617,0,13086306,1844670,94795052166,
3623,0,13129752,0,95350780632,
3631,0,12884274,0,95317282746,
3637,0,12910674,-13496406,88829646654,
3643,0,13226118,0,93956349822,
3659,0,13391940,0,97367965860,
3671,0,13479912,0,100168697448,
3673,14692,13480678,130704370,99440296330,
3677,0,13524006,-24157890,100259501466,
3691,0,13590198,0,101073313638,
3697,14788,13935190,107204590,103856873314,
3701,0,13701102,-17387298,101088795714,
3709,-14836,13753666,-68960050,104081088622,
3719,0,13834680,0,103818919704,
3727,0,13441014,0,99998278686,
3733,0,13864410,44176902,105208454718,
3739,0,13946214,0,106072585662,
3761,0,14148882,18887742,106399795734,
3767,0,14194056,0,107734602792,
3769,15076,14284702,100669294,109097327818,
3779,0,14284620,0,107990774892,
3793,0,14681982,7388922,112440510570,
3797,0,14421006,3303390,109343006370,
3803,0,14466612,0,109538676084,
3821,0,14603862,-27671682,112252734282,
3823,0,14203914,0,107524916322,
3833,0,14695722,-13683810,113397917454,
3847,0,14980230,0,117353893230,
3851,0,14834052,0,115327822500,
3853,0,15055626,-39572718,119413973910,
3863,0,14926632,0,116091092328,
3877,-15508,15306754,-189127198,121057249558,
3881,0,15066042,-23914722,116200795902,
3889,-15556,16014898,-171643102,130424124262,
3907,0,15928650,0,129564787626,
3911,0,15299832,0,119028469080,
3917,0,15346806,-27614850,119524849962,
3919,0,15590082,0,125036761530,
3923,0,15393852,0,121199186268,
3929,0,15440970,11621982,121211590926,
3931,0,15699390,0,122005364910,
3943,0,15319794,0,119118901818,
3947,0,15582756,0,121248477156,
3967,0,15409986,0,122883901962,
3989,0,15916110,21851742,128493388770,
4001,0,16012002,-6409602,127806047526,
4003,0,16599906,0,134509032954,
4007,0,16060056,0,128209927416,
4013,0,16108182,29495550,128838946122,
4019,0,16156380,0,130807019964,
4021,0,16093242,-55653810,132544523358,
4027,0,16604586,0,134857570050,
4049,0,16398450,-16204098,133880371254,
4051,0,16614066,0,134995495386,
4057,16228,16316578,72365050,131453417782,
4073,0,16593402,10874910,136183711998,
4079,0,16642320,0,136922240400,
4091,0,16740372,0,136526275668,
4093,0,16492290,39059982,131845566822,
4099,0,15863142,0,123419579502,
4111,0,17800614,0,147867752934,
4127,0,17036256,0,138811810080,
4129,16516,16002658,101603818,127159793974,
4133,0,17085822,29385630,140999220978,
4139,0,17135460,0,143940695076,
4153,-16612,17087170,-156956062,143545523734,
4157,0,17284806,-23320770,142579521306,
4159,0,16209846,0,131443936182,
4177,0,16982526,32065398,140707832754,
4201,0,16973046,-1431606,138789166338,
4211,0,17736732,0,148028794524,
4217,0,17787306,33525150,150269311758,
4219,0,18407610,0,162489611178,
4229,0,17888670,-35701218,152321720562,
4231,0,18154458,0,157496076954,
4241,0,17990322,-35700738,153939979158,
4243,0,17286570,0,146235597642,
4253,0,18092262,-11610690,153003758970,
4259,0,18143340,0,154225289580,
4261,-17044,17637826,-72456934,147155341078,
4271,0,18245712,0,157151957520,
4273,0,17562222,-24531294,149157985482,
4283,0,18348372,0,158489074260,
4289,0,18399810,-35693058,157971375750,
4297,17188,18566734,99918022,162086227066,
4327,0,19612842,0,171016689786,
4337,0,18813906,-4033410,161059760118,
4339,0,19344234,0,169278371202,
4349,0,18918150,5662398,165041288250,
4357,17428,19301410,100596706,171249626326,
4363,0,19937886,0,178406271150,
4373,0,19127502,28992990,167949621666,
4391,0,19285272,0,167687336952,
4397,0,19338006,-26777730,170739317802,
4409,0,19443690,-10660962,170614887822,
4421,0,19549662,-35624418,172124640978,
4423,0,19836954,0,177926024466,
4441,-17764,20467534,-178136122,187862597578,
4447,0,19081962,0,165396156426,
4451,0,19815852,0,175211603148,
4457,0,19869306,33293790,177953596062,
4463,0,19922832,0,179349832368,
4481,0,20083842,-35570178,180811603206,
4483,0,20534706,0,187077897018,
4493,0,20191542,-40302210,181966149546,
4507,0,21244398,0,192675655734,
4513,18052,21181522,162343210,191992425094,
4517,0,20407806,-2574690,181906645554,
4519,0,19823034,0,180509928114,
4523,0,20462052,0,187171057380,
4547,0,20679756,0,186659679084,
4549,-18196,19271266,-69462814,169243519846,
4561,-18244,20579518,-264082654,194135997250,
4567,0,20816370,0,190773808218,
4583,0,21008472,0,193097885496,
4591,0,22521510,0,213345044694,
4597,-18388,21008722,-110982286,195398805766,
4603,0,21129798,0,190988061582,
4621,18484,21800722,186197638,204845571262,
4637,0,21506406,-21562050,198885761754,
4639,0,21470106,0,195755271762,
4643,0,21562092,0,199216513836,
4649,0,21617850,42761502,201536074686,
4651,0,20957514,0,191683179906,
4657,0,23165646,-53133594,218822546130,
4663,0,21813114,0,205216948434,
4673,0,21841602,42757950,203131076262,
4679,0,21897720,0,204095172600,
4691,0,22010172,0,206641120668,
4703,0,22122912,0,208758569952,
4721,0,22292562,32773182,211375665174,
4723,0,21571566,0,198003404958,
4729,0,22629630,44309358,215642430066,
4733,0,22406022,18884670,209843812026,
4751,0,22576752,0,215532041616,
4759,0,22490250,0,212963468802,
4783,0,23462694,0,225500615478,
4787,0,22920156,0,219939231996,
4789,-19156,23610970,-127902706,229635781798,
4793,0,22977642,42705630,222077241966,
4799,0,23035200,0,222247295232,
4801,-19204,22478278,-159446434,216713604754,
4813,-19252,22806346,-100847494,218530116382,
4817,0,23208306,14017470,222990982134,
4831,0,21609270,0,195657197742,
4861,0,23554290,76307862,228359564742,
4871,0,23731512,0,230045912376,
4877,0,23790006,-25019010,233345107818,
4889,0,23907210,-39982242,233089988046,
4903,0,22622454,0,212408461206,
4909,0,25135062,-118435794,254089169754,
4919,0,24201480,0,237904680360,
4931,0,24319692,0,237354690924,
4933,0,23891394,-10979070,235977582990,
4937,0,24378906,32139870,240959477694,
4943,0,24438192,0,242131945488,
4951,0,24276150,0,243987970302,
4957,0,24851898,27660306,255426498630,
4967,0,24676056,0,247757973336,
4969,19876,24337486,183050278,238494022042,
4973,0,24735702,-39833730,243495833610,
4987,0,24806790,0,253424289654,
4993,0,23879598,31183434,225348431226,
4999,0,24936546,0,249693683106,
5003,0,25035012,0,250782919524,
5009,0,25095090,-34471938,252972241878,
5011,0,25774062,0,256424739198,
5021,0,25215462,47990718,255377228346,
5023,0,25536978,0,260491199346,
5039,0,25396560,0,255398691600,
5051,0,25517652,0,256084063476,
5059,0,26094258,0,269085444066,
5077,20308,26494138,212716510,275449964998,
5081,0,25821642,-19114722,260739837678,
5087,0,25882656,0,266493198048,
5099,0,26004900,0,263578385028,
5101,0,24403782,20512806,242572302138,
5107,0,25606242,0,255362560794,
5113,-20452,26940610,-146308750,283580772502,
5119,0,26213742,0,267043646430,
5147,0,26496756,0,269160903252,
5153,0,26558562,42203070,272079420294,
5167,0,26015970,0,271782197130,
5171,0,26744412,0,275268070524,
5179,0,27815562,0,291476205018,
5189,0,26930910,47852958,279221387250,
5197,-20788,27745474,-258118510,287733601990,
5209,-20836,27187474,-236093518,291031759174,
5227,0,27326394,0,282583089522,
5231,0,27368592,0,288532000176,
5233,-20932,26992582,-213172690,275786115970,
5237,0,27431406,-50746530,290835967554,
5261,0,27683382,47759358,290011330794,
5273,0,27809802,-39072930,290622776526,
5279,0,27873120,0,294080673792,
5281,-21124,28012150,-283391794,304672907602,
5297,0,28063506,-50692290,298940252502,
5303,0,28127112,0,298388313096,
5309,0,28190790,-3280962,301724496378,
5323,0,27698994,0,283903361658,
5333,0,28446222,-56796450,306183454338,
5347,0,28859970,0,307087118634,
5351,0,28638552,0,307847096760,
5381,0,28960542,-33028578,312909939090,
5387,0,29025156,0,313451063364,
5393,0,29089842,-56788290,311823206070,
5399,0,29154600,0,314506996776,
5407,0,28064358,0,294987605238,
5413,0,30582966,93298950,332125191786,
5417,0,29349306,-16738530,319459200318,
5419,0,30015714,0,323794089354,
5431,0,30539430,0,328347077454,
5437,0,28609926,-147066,311288478522,
5441,0,29609922,-50503362,324795347814,
5443,0,29640978,0,326943646002,
5449,-21796,27916690,-319046350,294935623750,
5471,0,29937312,0,325283075712,
5477,0,30003006,59973150,332884928946,
5479,0,30408462,0,332864867862,
5483,0,30068772,0,328638452964,
5501,0,30266502,59971902,331753438842,
5503,0,29419146,0,324584497890,
5507,0,30332556,0,333962829324,
5519,0,30464880,0,332865901680,
5521,-22084,31260670,-191118838,351306478498,
5527,0,30098106,0,328544609778,
5531,0,30597492,0,338389212756,
5557,0,31458834,-1202958,343152533790,
5563,0,32298714,0,369985014162,
5569,0,31190814,17396838,350396381106,
5573,0,31063902,12873630,343180580658,
5581,22324,30616210,174609466,337503228358,
5591,0,31264872,0,348374002344,
5623,0,32355330,0,372332366322,
5639,0,31803960,0,354923396760,
5641,0,31732902,-17965014,355195538658,
5647,0,32243970,0,374315883978,
5651,0,31939452,0,364525779420,
5653,22612,31282258,330211258,343650124294,
5657,0,32007306,-20195490,359264563662,
5659,0,31621266,0,353380184298,
5669,0,32143230,-31530978,360983473074,
5683,0,31819782,0,348461929902,
5689,0,32671038,16418262,374892754962,
5693,0,32415942,22715070,365925465498,
5701,0,33778650,-18341850,395907862926,
5711,0,32621232,0,372159736464,
5717,0,32689806,-49909410,374640372546,
5737,0,31029774,81506310,342338423154,
5741,0,32964822,46605438,382048129674,
5743,0,33343074,0,385660939194,
5749,0,33363810,60309474,383648911038,
5779,0,34153902,0,395171229078,
5783,0,33448872,0,387812745192,
5791,0,32988654,0,365302552230,
5801,0,33657402,66723102,385999549374,
5807,0,33727056,0,395357748720,
5813,0,33796782,-56327970,394418804706,
5821,0,34562982,71620662,403878909594,
5827,0,32989338,0,379448438706,
5839,0,32828310,0,382768738038,
5843,0,34146492,0,398710917852,
5849,0,34216650,39761502,396999787086,
5851,0,33526530,0,391033166850,
5857,0,34778670,-150356142,405472162938,
5861,0,34357182,46172958,402262150866,
5867,0,34427556,0,403342896708,
5869,0,34065810,34011126,403335980118,
5879,0,34568520,0,404699589672,
5881,0,34204422,91835562,402606793938,
5897,0,34780506,66695070,410441283870,
5903,0,34851312,0,411785251920,
5923,0,34365834,0,406501859250,
5927,0,35135256,0,415270703064,
5939,0,35277660,0,422214366492,
5953,0,34760526,70992222,408718473954,
5981,0,35778342,-11734722,427787926842,
5987,0,35850156,0,424095922284,
6007,0,35591706,0,427950271602,
6011,0,36138132,0,436209109236,
6029,0,36354870,-70286082,439257228426,
6037,-24148,36862354,-282078334,428326651270,
6043,0,38631198,0,475673227014,
6047,0,36572256,0,442614857472,
6053,0,36644862,19793310,448137644178,
6067,0,35657730,0,423568439370,
6073,-24292,36143758,-239918194,423195088042,
6079,0,36899514,0,453068087058,
6089,0,37082010,-35182242,450862769406,
6091,0,37118490,0,446157972402,
6101,0,37228302,59191902,450839459394,
6113,0,37374882,-55567170,452145294150,
6121,0,37498014,-149094882,464782759074,
6131,0,37595292,0,465594736956,
6133,-24532,37174882,-289209694,439735648870,
6143,0,37742592,0,464554693632,
6151,0,36871794,0,439661587770,
6163,0,38438394,0,472679466450,
6173,0,38112102,6852030,474667563258,
6197,0,38409006,-48150690,477203864322,
6199,0,36135546,0,437810749098,
6203,0,38483412,0,476695662036,
6211,0,38949318,0,489957253686,
6217,0,37793838,-168210570,484183542018,
6221,0,38707062,-15191682,484780047306,
6229,24916,37437490,393424522,459952317382,
6247,0,39405114,0,496412872506,
6257,0,39156306,-77899650,484615900086,
6263,0,39231432,0,486790372296,
6269,0,39306630,44271678,495789645018,
6271,0,39117714,0,486251843514,
6277,-25108,39094474,-236383834,479204837974,
6287,0,39532656,0,499994246064,
6299,0,39683700,0,504682103412,
6301,0,38603814,105656934,487312943802,
6311,0,39835032,0,507406671960,
6317,0,39910806,58558590,502760744010,
6323,0,39986652,0,502416803676,
6329,0,40062570,-69986082,511464401070,
6337,25348,40922230,318546862,531367972882,
6343,0,41068050,0,518102753298,
6353,0,40366962,-54699330,517248185526,
6359,0,40443240,0,515542494792,
6361,0,41411838,84843678,520978328562,
6367,0,40466010,0,510666437370,
6373,-25492,39244834,-329710750,484912622902,
6379,0,38786262,0,490748596710,
6389,0,40825710,4331742,520012018530,
6397,25588,40927810,341876854,533449297390,
6421,0,39345846,6477942,480079036842,
6427,0,40220274,0,508804799034,
6449,0,41596050,81915198,540138871254,
6451,0,42540594,0,550339254906,
6469,0,40508394,78201342,515996256750,
6473,0,41906202,35925150,542602163742,
6481,0,41121702,-123231114,524718307530,
6491,0,42139572,0,545655036084,
6521,0,42529962,81890718,553133534862,
6529,-26116,43709926,-302356642,586588835890,
6547,0,42700122,0,545037187626,
6551,0,42922152,0,563190989832,
6553,26212,43248982,515939434,563170875370,
6563,0,43079532,0,563166120876,
6569,0,43158330,81862878,571946841054,
6571,0,42878250,0,574822096218,
6577,0,43299222,177725070,573060535242,
6581,0,43316142,42368478,568101784578,
6599,0,43553400,0,576664595736,
6607,0,42869430,0,560205814950,
6619,0,44608914,0,598895498970,
6637,26548,42621658,346273834,545179469566,
6653,0,44269062,13771710,591039120858,
6659,0,44348940,0,591673591980,
6661,0,43384278,111169638,573813173514,
6673,0,43442958,-106912170,572824417458,
6679,0,45181650,0,626048927130,
6689,0,44749410,81752958,605767224678,
6691,0,44227254,0,600207048894,
6701,0,44910102,56971902,607863376938,
6703,0,44865258,0,602949546906,
6709,26836,43244770,386374954,568110123910,
6719,0,45151680,0,613381702656,
6733,0,47161794,-77032626,650978583222,
6737,0,45393906,64877310,615289172502,
6761,0,45717882,81659358,612038916510,
6763,0,44190894,0,610657197294,
6779,0,45961620,0,624634604052,
6781,0,46509906,136574022,641829285030,
6791,0,46124472,0,631779931704,
6793,-27172,46788886,-420122638,644223898522,
6803,0,46287612,0,634487319036,
6823,0,45754254,0,625598866638,
6827,0,46614756,0,636452563908,
6829,-27316,46781002,-276269878,642979773118,
6833,0,46696722,33003390,631208856822,
6841,0,47171262,-134022378,641941822866,
6857,0,47025306,-8022690,644344815870,
6863,0,47107632,0,648901042320,
6869,0,47190030,11251422,642752401218,
6871,0,46627194,0,622235507754,
6883,0,47808294,0,654853752078,
6899,0,47603100,0,661637639388,
6907,0,48116190,0,666340501422,
6911,0,47768832,0,667250968320,
6917,0,47851806,-76986210,655907858994,
6947,0,48267756,0,666483425676,
6949,0,46669458,-136833078,638590203822,
6959,0,48434640,0,669793283664,
6961,0,47348526,90289854,648770130498,
6967,0,49619946,0,709726288962,
6971,0,48601812,0,671448253620,
6977,0,48685506,-43327170,682220032422,
6983,0,48769272,0,681553592856,
6991,0,48302034,0,655631847978,
6997,0,48909462,-14999586,694038686154,
7001,0,49021002,63723102,680941665486,
7013,0,49189182,90257310,696542002098,
7019,0,49273380,0,698243465988,
7027,0,47796054,0,663341158518,
7039,0,48203694,0,660592960542,
7043,0,49610892,0,696300532428,
7057,28228,50379778,325505626,706975600054,
7069,0,48996282,-4666902,679192401990,
7079,0,50119320,0,704718244344,
7103,0,50459712,0,715871252256,
7109,0,50544990,38260638,720810585810,
7121,0,50715762,15253182,728288639286,
7127,0,50801256,0,727549418088,
7129,0,50349798,-69491646,701719930962,
7151,0,51143952,0,729324082704,
7159,0,49632042,0,705185585634,
7177,28708,53750254,449484790,786720157786,
7187,0,51660156,0,748726854780,
7193,0,51746442,-25679010,750048276750,
7207,0,52481358,0,773894364102,
7211,0,52005732,0,756653893188,
7213,28852,50278498,206327002,711690699046,
7219,0,53088462,0,767577213990,
7229,0,52265670,-104401218,751862048730,
7237,0,53452530,22560858,773227621422,
7243,0,54990798,0,808746764766,
7247,0,52526256,0,763096925040,
7253,0,52613262,89864670,761274604386,
7283,0,53049372,0,775821196284,
7297,0,54170622,-201764238,814595245434,
7307,0,53399556,0,778476877956,
7309,29236,52898698,386107018,755636057374,
7321,29284,53313250,404453002,775489553398,
7331,0,53750892,0,795612697932,
7333,0,52666038,1481526,781842494538,
7349,0,54015150,89643102,791991691266,
7351,0,56683710,0,834745256694,
7369,29476,57213730,518125258,883836615286,
7393,29572,52514494,274699210,762466750546,
7411,0,54853086,0,812674453494,
7417,-29668,56058454,-537564526,828965788618,
7433,0,55256922,26981790,825112815966,
7451,0,55524852,0,824297543316,
7457,0,55614306,61072830,828790830534,
7459,0,56642622,0,849365706318,
7477,0,56483610,-2173050,850798303134,
7481,0,55972842,-104270178,835769644494,
7487,0,56062656,0,846690574752,
7489,0,55966062,-163887846,856627982490,
7499,0,56242500,0,843149495076,
7507,0,59241762,0,910617525522,
7517,0,56512806,109372350,846723795162,
7523,0,56603052,0,844745302188,
7529,0,56693370,-65186082,850070463582,
7537,-30148,55273858,-283197118,818718568726,
7541,0,56874222,-38323362,855775559394,
7547,0,56964756,0,862911633108,
7549,30196,58625338,613816786,894975577006,
7559,0,57146040,0,855011975256,
7561,0,58670526,163333758,907417401762,
7573,0,55232562,155353578,827838704766,
7577,0,57418506,9319710,871660247022,
7583,0,57509472,0,865807284864,
7589,0,57600510,-13068258,876216544818,
7591,0,56981514,0,855012813258,
7603,0,58830414,0,897296600022,
7607,0,57874056,0,881140535592,
7621,0,58513554,-109824078,906522399054,
7639,0,56972634,0,870958635666,
7643,0,58423092,0,897247814388,
7649,0,58514850,24461502,888471170694,
7669,0,60906522,185653230,948060370398,
7673,0,58882602,-93687330,909808342446,
7681,30724,59721502,540644170,946424203282,
7687,0,58188654,0,900397297494,
7691,0,59159172,0,912064338084,
7699,0,58361274,0,887081257170,
7703,0,59343912,0,913625037576,
7717,0,59801274,-145673010,911437326990,
7723,0,58344834,0,908824199754,
7727,0,59714256,0,924336255216,
7741,0,58579206,180950934,870561127482,
7753,0,62036142,-167569242,986263710594,
7757,0,60178806,109140990,941805434826,
7759,0,60381990,0,937617167358,
7789,31156,60862090,619816810,941121752158,
7793,0,60738642,119934270,945236208726,
7817,0,61113306,5862750,964766494974,
7823,0,61207152,0,956654643120,
7829,0,61301070,-44296482,954507123522,
7841,0,61489122,-72780162,962891658150,
7853,0,61677462,-17669250,970288676202,
7867,0,61724226,0,975662776938,
7873,0,60350574,-257158218,941313862722,
7877,0,62055006,48443550,979302243282,
7879,0,64746918,0,1042695889686,
7883,0,62149572,0,973416394404,
7901,0,62433702,-103487298,989212800762,
7907,0,62528556,0,987891502764,
7919,0,62718480,0,995865691824,
7927,0,63703770,0,1017483043218,
7933,-31732,62527954,-566827690,981440117038,
7937,0,63003906,-125483970,993222004518,
7949,0,63194550,87423102,999355036650,
7951,0,65898414,0,1050802100334,
7963,0,64556826,0,1052145727314,
7993,-31972,65401798,-824006806,1062809896138,
8009,0,64152090,-103171938,1037938576734,
8011,0,63423354,0,1007287828626,
8017,-32068,65041102,-511523758,1049301920962,
8039,0,64633560,0,1030782767640,
8053,0,65874762,284688078,1072720950750,
8059,0,65164050,0,1057543732890,
8069,0,65116830,-6148578,1050032606610,
8081,0,65310642,76268478,1056381597558,
8087,0,65407656,0,1058989350504,
8089,-32356,65024182,-509992030,1038904781770,
8093,0,65504742,86676030,1050538490970,
8101,32404,64650946,464537770,1036943396710,
8111,0,65796432,0,1071656076912,
8117,0,65893806,-125407650,1059954175458,
8123,0,65991252,0,1075433700180,
8147,0,66381756,0,1086253359900,
8161,0,64324806,481129182,1031753613498,
8167,0,67782834,0,1127184161562,
8171,0,66773412,0,1088065100484,
8179,0,66908034,0,1086494247450,
8191,0,67796634,0,1109170519122,
8209,-32836,68371366,-575765098,1145487508450,
8219,0,67560180,0,1107284424756,
8221,32884,66969466,563829106,1101649734958,
8231,0,67757592,0,1120386401976,
8233,-32932,66802078,-414894610,1098386142202,
8237,0,67856406,107987070,1121661300714,
8243,0,67955292,0,1123510777596,
8263,0,69958026,0,1151682003162,
8269,33076,70145770,396122410,1163152085566,
8273,0,68450802,119379390,1136458882806,
8287,0,68995626,0,1188034785474,
8291,0,68748972,0,1138286678604,
8293,33172,68350954,626481814,1133155485046,
8297,0,68848506,-137149410,1134601723710,
8311,0,65879334,0,1053542143854,
8317,-33268,69567922,-421874782,1177563332902,
8329,0,69414078,64928046,1164813632706,
8353,0,71620350,358333926,1186040898546,
8363,0,69948132,0,1171670048772,
8369,0,70048530,119157822,1180334753046,
8377,0,71437854,-161837202,1231346174034,
8387,0,70350156,0,1180170364428,
8389,-33556,69343906,-542104414,1145806516294,
8419,0,72288234,0,1236485917602,
8423,0,70955352,0,1194600061080,
8429,0,71056470,-57806082,1206081621066,
8431,0,67970706,0,1130574956946,
8443,0,71512146,0,1219574741490,
8447,0,71360256,0,1204137014304,
8461,-33844,73826842,-743378974,1275168826654,
8467,0,73408902,0,1262375583270,
8501,0,72275502,41671902,1221207635586,
8513,0,72479682,143273790,1228278846438,
8521,34084,71374054,867537082,1207173303706,
8527,0,73246530,0,1237022863626,
8537,0,72888906,-137018850,1243226218926,
8539,0,75365514,0,1260011401362,
8543,0,72991392,0,1237171289280,
8563,0,70774014,0,1178754440358,
8573,0,73504902,83586750,1258540284378,
8581,-34324,74432794,-739966450,1309157371126,
8597,0,73917006,-124570530,1272871218210,
8599,0,75592710,0,1304096980878,
8609,0,74123490,72160638,1274548864998,
8623,0,71173458,0,1196170458714,
8627,0,74433756,0,1272301574556,
8629,34516,75480034,365230522,1312005991270,
8641,34564,73429102,469008250,1248562687090,
8647,0,74168190,0,1297667522430,
8663,0,75056232,0,1303982689512,
8669,0,75160230,-100230978,1305497877594,
8677,0,74714778,-56697138,1273430443662,
8681,0,75368442,-136829922,1319348224254,
8689,0,75545238,-285760794,1326008578602,
8693,0,75576942,-34163490,1325185347330,
8699,0,75681300,0,1326282630996,
8707,0,74132370,0,1286100077274,
8713,0,77216334,364282998,1360876161426,
8719,0,74448114,0,1308939899226,
8731,0,79276446,0,1385135547894,
8737,-34948,74034838,-764886322,1267827935410,
8741,0,76413822,-65400162,1348070672850,
8747,0,76518756,0,1337707505124,
8753,0,76623762,143111550,1330830961014,
8761,0,75144462,-100503978,1276432875330,
8779,0,77929146,0,1386132619122,
8783,0,77149872,0,1365078452400,
8803,0,78040998,0,1375062777630,
8807,0,77572056,0,1372725037272,
8819,0,77783580,0,1362134941020,
8821,-35284,80341354,-563674858,1421901989734,
8831,0,77995392,0,1373925284448,
8837,0,78101406,156149790,1387948357458,
8839,0,78331230,0,1388012963814,
8849,0,78313650,7061502,1381764607062,
8861,0,78526182,156148542,1385463161370,
8863,0,80139354,0,1431914644050,
8867,0,78632556,0,1389572716812,
8887,0,80803002,0,1445879434026,
8893,-35572,82050706,-823116238,1482350890054,
8923,0,77479578,0,1382446974618,
8929,35716,81751618,540431746,1482165631174,
8933,0,79807422,80664990,1434205674066,
8941,-35764,79067122,-796736254,1405637495590,
8951,0,80129352,0,1444470775752,
8963,0,80344332,0,1450109034828,
8969,0,80451930,116937822,1432882399422,
8971,0,84239718,0,1530692790054,
8999,0,80991000,0,1454821895160,
9001,0,81507342,-39090234,1446253904802,
9007,0,79836462,0,1394265015702,
9011,0,81207132,0,1475164317660,
9013,0,82490118,-88856850,1498179805386,
9029,0,81531870,-162901218,1479401306898,
9041,0,81748722,-162900738,1490517396246,
9043,0,83082066,0,1523882745978,
9049,0,81932718,133790766,1478058602898,
9059,0,82074540,0,1479784932300,
9067,0,83729970,0,1537831843002,
9091,0,85509882,0,1560464056098,
9103,0,82779978,0,1490552145282,
9109,-36436,81451234,-779029774,1460550861670,
9127,0,80252838,0,1445612749254,
9133,0,84444150,178635102,1570619598042,
9137,0,83493906,-17268930,1535851542102,
9151,0,83087478,0,1522132306902,
9157,-36628,81870658,-907703806,1514318341558,
9161,0,83933082,-96905058,1543260429342,
9173,0,84153102,-27243810,1535668459746,
9181,-36724,84293218,-503214586,1544126373742,
9187,0,83087106,0,1520300288202,
9199,0,81522990,0,1505748231270,
9203,0,84704412,0,1555210000380,
9209,0,84814890,66139038,1570105896846,
9221,0,85036062,-162824418,1551958422834,
9227,0,85146756,0,1574713295556,
9239,0,85368360,0,1570779819624,
9241,-36964,83603494,-779059198,1522737685162,
9257,0,85701306,42489630,1583368952574,
9277,0,89817798,-230541906,1679995840314,
9281,0,86146242,-162770178,1611805932870,
9283,0,87290298,0,1633087572426,
9293,0,86369142,-47673090,1594729818570,
9311,0,86704032,0,1617916901952,
9319,0,86639598,0,1612036867878,
9323,0,86927652,0,1613603770020,
9337,37348,86063566,836245102,1596399278122,
9341,0,87263622,-95446338,1637068407066,
9343,0,88853958,0,1659582741510,
9349,37396,89425138,853955722,1716309702454,
9371,0,87825012,0,1636755615348,
9377,0,87937506,-58231170,1647896032422,
9391,0,88090986,0,1653016225818,
9397,37588,86936122,381096502,1636436133382,
9403,0,89115234,0,1692078448362,
9413,0,88613982,-177058530,1683834583698,
9419,0,88726980,0,1684609210884,
9421,0,90837330,16190190,1728239672022,
9431,0,88953192,0,1684319184072,
9433,0,91556598,-98341806,1736344044498,
9437,0,89066406,-134477250,1671771967482,
9439,0,90128994,0,1711203005706,
9461,0,89519982,155368542,1701282412770,
9463,0,90806274,0,1737550173546,
9467,0,89633556,0,1693906188084,
9473,0,89747202,-177050370,1694778262086,
9479,0,89860920,0,1692499033752,
9491,0,90088572,0,1693455478428,
9497,0,90202506,39032670,1707964165518,
9511,0,92164290,0,1765079695338,
9521,0,90658962,-120364482,1721737937430,
9533,0,90887622,74643390,1730181558426,
9539,0,91002060,0,1735443281196,
9547,0,91827378,0,1720306649106,
9551,0,91231152,0,1729143450384,
9587,0,91920156,0,1751912925756,
9601,38404,91690318,961989058,1727104260754,
9613,0,92229474,-215086290,1794431686710,
9619,0,94485318,0,1836965908158,
9623,0,92611752,0,1775885311176,
9629,0,92727270,184472382,1798995179034,
9631,0,90781914,0,1743532955058,
9643,0,93462858,0,1774250246106,
9649,0,95242542,214991142,1860359545122,
9661,0,94791738,-397175982,1868142660582,
9677,0,93654006,154735230,1809658010346,
9679,0,93557514,0,1794619349490,
9689,0,93886410,140277342,1827765805710,
9697,0,95747022,120905370,1882225944090,
9719,0,94468680,0,1845810942696,
9721,0,91774446,4995678,1745573953506,
9733,38932,94707898,1213908142,1861015286326,
9739,0,93934650,0,1830658623474,
9743,0,94935792,0,1856281411632,
9749,0,95052750,72123102,1857245275266,
9767,0,95404056,0,1852235523672,
9769,0,98567766,-465235686,1968223870242,
9781,-39124,95425042,-672980590,1828322293126,
9787,0,93901770,0,1801636108866,
9791,0,95873472,0,1878979060800,
9803,0,96108612,0,1883967008100,
9811,0,96049434,0,1896761160210,
9817,0,100207854,264210534,1981506698226,
9829,0,93617130,-222012786,1791320747502,
9833,0,96697722,139530270,1889866237566,
9839,0,96815760,0,1889267935632,
9851,0,97052052,0,1914132797076,
9857,0,97170306,-117988290,1917660956838,
9859,0,95570010,0,1890005632434,
9871,0,94499178,0,1856603646474,
9883,0,100407942,0,2024584091478,
9887,0,97762656,0,1928184254112,
9901,0,100960794,20300058,2012508519894,
9907,0,97335366,0,1898663874630,
9923,0,98475852,0,1952286623724,
9929,0,98594970,-89778018,1953842103582,
9931,0,100291986,0,2032715444346,
9941,0,98833422,-2803362,1965880566210,
9949,-39796,100393522,-930697042,1969969795438,
9967,0,99810990,0,1965160425798,
9973,0,102776838,105017118,2126736157866,
10007,0,100150056,0,2015110630728,
10009,0,100237038,-230695602,2014137726882,
10037,0,100751406,-116529570,2036420841282,
10039,0,99223650,0,1962830394378,
10061,0,101233782,153148542,2051255212362,
10067,0,101354556,0,2053263910620,
10069,0,101218842,-103053810,2042465330718,
10079,0,101596320,0,2063627354592,
10091,0,101838372,0,2042762099460,
10093,0,99779394,271013478,1932439298358,
10099,0,105166890,0,2178840792618,
10103,0,102080712,0,2059780484712,
10111,0,103437558,0,2083934274822,
10133,0,102687822,183913950,2071958814018,
10139,0,102809460,0,2076844168020,
10141,40564,102119674,813523042,2047302280750,
10151,0,103052952,0,2095153487928,
10159,0,105029034,0,2149360269666,
10163,0,103296732,0,2110488459612,
10169,0,103418730,199942878,2092704359598,
10177,-40708,102322630,-976503610,2075782826386,
10181,0,103662942,-160228578,2111526470130,
10193,0,103907442,-175829250,2115122092374,
10211,0,104274732,0,2142300842796,
10223,0,104519952,0,2152520694288,
10243,0,106876434,0,2235311234490,
10247,0,105011256,0,2149137002136,
10253,0,105134262,-72283650,2137852066218,
10259,0,105257340,0,2146790666268,
10267,0,100236546,0,1999751576202,
10271,0,105503712,0,2149579957056,
10273,0,104115990,-52852746,2097395318874,
10289,0,105873810,199832958,2162791487094,
10301,0,106120902,-208100802,2196393085146,
10303,0,105059994,0,2133818818962,
10313,0,106368282,136440990,2197490554206,
10321,41284,105038302,698430826,2121880015426,
10331,0,106739892,0,2186925214644,
10333,0,108951654,-327921066,2264965712058,
10337,0,106863906,-44345730,2205995580966,
10343,0,106987992,0,2226065886456,
10357,0,107084538,-190460418,2186085015774,
10369,0,109845342,13359978,2317701307194,
10391,0,107983272,0,2236229569992,
10399,0,109391382,0,2301220228878,
10427,0,108732756,0,2273917115316,
10429,-41716,111771298,-983571310,2356382060038,
10433,0,108857922,-174961410,2276698336710,
10453,-41812,108019858,-889385998,2274111322822,
10457,0,109359306,-207989730,2304101382318,
10459,0,107037342,0,2261195502822,
10463,0,109484832,0,2275066684416,
10477,0,108317034,145662282,2270900548278,
10487,0,109987656,0,2290726502664,
10499,0,110239500,0,2319403173420,
10501,42004,108728554,1085491126,2271802072918,
10513,42052,109514830,1127407570,2265834861250,
10529,0,110870370,199440318,2316154995270,
10531,0,111435906,0,2354664764874,
10559,0,111503040,0,2366301296256,
10567,0,112694166,0,2361557556414,
10589,0,112137510,-81768258,2353711759194,
10597,-42388,110010658,-888865726,2284968410182,
10601,0,112391802,-207800802,2385801842814,
10607,0,112519056,0,2389727060976,
10613,0,112646382,-225101730,2376530140290,
10627,0,112168890,0,2350186805178,
10631,0,113028792,0,2401588570776,
10639,0,113474790,0,2410259527854,
10651,0,111396906,0,2339416245762,
10657,0,112857822,492238530,2413444561722,
10663,0,111782634,0,2370517697058,
10667,0,113795556,0,2436332004996,
10687,0,113307906,0,2416878502482,
10691,0,114308172,0,2424863898252,
10709,0,114693390,-225081762,2470972321026,
10711,0,114979374,0,2441411496198,
10723,0,111009558,0,2363691945198,
10729,0,114411798,-423752022,2419744213026,
10733,0,115208022,-65363970,2469138005514,
10739,0,115336860,0,2460821961372,
10753,-43012,115988770,-827125534,2490976756630,
10771,0,115267146,0,2452787778786,
10781,0,116240742,-124649922,2519619769242,
10789,43156,115077826,1255249450,2500885412758,
10799,0,116629200,0,2512300266864,
10831,0,120955374,0,2688523741998,
10837,-43348,118733890,-592713574,2572263830086,
10847,0,117668256,0,2559239791584,
10853,0,117798462,-172888290,2533747045266,
10859,0,117928740,0,2543284956612,
10861,0,118803426,-245175066,2592880126710,
10867,0,116258634,0,2465415797346,
10883,0,118450572,0,2582490321996,
10889,0,118581210,41617758,2570232046590,
10891,0,116512218,0,2515423793706,
10903,0,119557674,0,2610271790946,
10909,-43636,120283834,-616738534,2626974580462,
10937,0,119628906,233942430,2594861150478,
10939,0,118369314,0,2617309617066,
10949,0,119891550,54723102,2630569009746,
10957,0,120277110,390014910,2654852714490,
10973,0,120417702,180725310,2641157932218,
10979,0,120549420,0,2627228368620,
10987,0,119131146,0,2592055333170,
10993,0,121704798,-53707278,2615867058378,
11003,0,121077012,0,2654640423444,
11027,0,121605756,0,2689940362236,
11047,0,124970382,0,2825977363758,
11057,0,122268306,-105815490,2726240700054,
11059,0,119902650,0,2640512793138,
11069,0,122533830,-74848578,2713330355130,
11071,0,122836374,0,2702319773886,
11083,0,120964194,0,2615933446002,
11087,0,122932656,0,2716941016368,
11093,0,123065742,-224633250,2736682790754,
11113,-44452,117213250,-592139422,2583444897238,
11117,0,123598806,81709950,2768902674378,
11119,0,121794822,0,2695509865494,
11131,0,120716010,0,2670803815986,
11149,0,120778662,-140098242,2659766977146,
11159,0,124534440,0,2787067108584,
11161,0,123059742,296815566,2711097792978,
11171,0,124802412,0,2779563260076,
11173,44692,125610754,1407435754,2823121483462,
11177,0,124936506,233711070,2782392521886,
11197,-44788,127491394,-814086970,2871736040014,
11213,0,125742582,50122110,2831686011018,
11239,0,127922310,0,2898596755134,
11243,0,126416292,0,2832119030436,
11251,0,124035030,0,2808140877846,
11257,0,127354302,-204913650,2877198834258,
11261,0,126821382,252494142,2854089121434,
11273,0,127091802,127497630,2863039500318,
11279,0,127227120,0,2858862143184,
11287,0,129164106,0,2951500685250,
11299,0,125922270,0,2799378097806,
11311,0,124534410,0,2771495657034,
11317,0,123554106,172534662,2784482327646,
11321,0,128176362,-70846818,2888191036494,
11329,45316,127131922,1298033578,2905352609734,
11351,0,128856552,0,2932710014184,
11353,0,132229326,237270678,3057459594546,
11369,0,129265530,196251678,2933045721726,
11383,0,126146994,0,2881725764730,
11393,0,129811842,-223872450,2941324498278,
11399,0,129948600,0,2982090839736,
11411,0,130222332,0,2968890473340,
11423,0,130496352,0,2954451665184,
11437,0,131419242,-12334422,3006114245334,
11443,0,129852450,0,2967355925226,
11447,0,131045256,0,3003124570920,
11467,0,129733542,0,2952635922702,
11471,0,131595312,0,3044182239120,
11483,0,131870772,0,3031542452916,
11489,0,132008610,124977342,3048651991110,
11491,0,129552234,0,2912126101890,
11497,-45988,131318926,-1094431450,3059489315578,
11503,0,133428222,0,3059717883390,
11519,0,132698880,0,3077011677024,
11527,0,132886710,0,3015445018518,
11549,0,133390950,-262139202,3096281749146,
11551,0,131636394,0,3029174708706,
11579,0,134084820,0,3084632955732,
11587,0,129942966,0,2979209797734,
11593,46372,130221838,1137081382,2979146220538,
11597,0,134502006,252234750,3096549505866,
11617,46468,136072702,808955002,3166592267314,
11621,0,135059262,73700382,3123440806002,
11633,0,135338322,-223004610,3148627495062,
11657,0,135897306,232557150,3185009633598,
11677,0,136436106,-131826054,3255086139942,
11681,0,136457442,194348478,3184499334150,
11689,-46756,133250422,-1620505054,3059448661210,
11699,0,136878300,0,3215259053244,
11701,0,139264626,199337034,3281902039326,
11717,0,137299806,-17927010,3209630990706,
11719,0,133819074,0,3111111148194,
11731,0,135365346,0,3161503998666,
11743,0,137888334,0,3269175500574,
11777,0,138709506,232124670,3265269609414,
11779,0,141313626,0,3338563423266,
11783,0,138850872,0,3262673957496,
11789,0,138992310,-46896642,3281271250122,
11801,0,139275402,-203000802,3287598838062,
11807,0,139417056,0,3273553279872,
11813,0,139558782,174714270,3322891551666,
11821,47284,143151154,870687742,3424159877854,
11827,0,140604534,0,3339271539990,
11831,0,139984392,0,3314890882632,
11833,47332,137460910,770783014,3233574362794,
11839,0,141615414,0,3368122886646,
11863,0,141754386,0,3373179316698,
11867,0,140837556,0,3347124707316,
11887,0,137051334,0,3160740437694,
11897,0,141550506,-282315810,3376940012910,
11903,0,141693312,0,3377538907392,
11909,0,141836190,-164558562,3363149355090,
11923,0,142193634,0,3430589916714,
11927,0,142265256,0,3380608631112,
11933,0,142408422,-261690690,3407050614330,
11939,0,142551660,0,3382696593228,
11941,47764,140872522,1390312198,3378372984598,
11953,-47812,141001330,-1380651190,3394885301494,
11959,0,140871354,0,3357540615858,
11969,0,143268930,84237822,3444006475782,
11971,0,143053194,0,3399301317090,
11981,0,143556342,-282296322,3458446027242,
11987,0,143700156,0,3426100413948,
12007,0,144347754,0,3413238229218,
12011,0,144276132,0,3491627823588,
12037,0,143507466,-201692394,3471013700334,
12041,0,144997722,230970462,3475780273854,
12043,0,145786158,0,3470029602174,
12049,0,145840230,235162182,3534113352042,
12071,0,145721112,0,3510384795672,
12073,48292,146591134,1280573806,3561315976570,
12097,48388,146313406,899318122,3562663762930,
12101,0,146446302,292819998,3539208439794,
12107,0,146591556,0,3545077353828,
12109,0,143938374,-174102882,3471718464762,
12113,0,146736882,-162435330,3525732533142,
12119,0,146882280,0,3581172934824,
12143,0,147464592,0,3601907757744,
12149,0,147610350,292815198,3563223095970,
12157,0,151984314,-42743670,3730477627494,
12161,0,147902082,-143232258,3569905402566,
12163,0,148265946,0,3644962595154,
12197,0,148779006,250648350,3605986773042,
12203,0,148925412,0,3635570232900,
12211,0,147374226,0,3529001336634,
12227,0,149511756,0,3664637753772,
12239,0,149805360,0,3637060888464,
12241,-48964,147335842,-929323006,3625879334422,
12251,0,150099252,0,3682550190804,
12253,-49012,152175082,-1281518590,3720908651374,
12263,0,150393432,0,3709085521656,
12269,0,150540630,292762878,3679919323530,
12277,-49108,146293570,-1313679166,3583058277478,
12281,0,150835242,-281996322,3719514023598,
12289,49156,147492574,877251514,3522058633714,
12301,0,148759458,310951854,3640534279062,
12323,0,151868652,0,3757929460332,
12329,0,152016570,11613918,3762554134878,
12343,0,149524074,0,3646333132578,
12347,0,152460756,0,3777886412820,
12373,-49492,156069658,-1192778722,3882151482886,
12377,0,153202506,-103595490,3786713618478,
12379,0,146881470,0,3627289122438,
12391,0,154018194,0,3797513316474,
12401,0,153797202,188470398,3799453177206,
12409,49636,150421414,1437952330,3712463934538,
12413,0,154094982,168692670,3836687919162,
12421,0,158371638,-228305922,3990225428394,
12433,0,158558382,371298906,4025952185994,
12437,0,154691406,58578270,3863090125026,
12451,0,156249234,0,3954313243962,
12457,49828,152497918,1860718318,3751072296826,
12473,0,155588202,-260062050,3898908103374,
12479,0,155737920,0,3895255757856,
12487,0,162067818,0,4071999215874,
12491,0,156037572,0,3921014185668,
12497,0,156187506,228320190,3907713398646,
12503,0,156337512,0,3925332153672,
12511,0,152323614,0,3794493241638,
12517,0,153604758,329221614,3778545638730,
12527,0,156938256,0,3918364024176,
12539,0,157239060,0,3971606019828,
12541,0,156466434,-230631906,3,
