3,3,9,27,81,243,729
5,5,15,35,99,275,795
7,7,91,175,1267,3367,18571
11,11,121,341,2629,10901,72061
13,13,247,-65,6595,-10817,199387
17,17,255,833,7719,36737,283815
19,19,109,-431,4249,-32471,262729
23,23,529,575,24265,-8257,1394329
29,29,783,899,43563,35699,3026643
31,31,775,775,37231,32551,2086735
37,37,1513,6913,121897,848737,11059993
41,41,1599,4961,130671,654401,13482399
43,43,2107,2365,186319,220813,20152567
47,47,2209,2303,207505,146687,24378289
53,53,2703,2915,278259,300563,35660043
59,59,3481,10325,410581,1998389,60555181
61,61,4453,3721,586885,561601,90242893
67,67,5293,20167,881653,5720167,174798133
71,71,5041,5183,715609,741311,127012681
73,73,3043,17101,447643,4044493,77780683
79,79,5293,13351,723877,3187999,128327053
83,83,6889,20501,1143325,4076213,237229189
89,89,7743,23585,1371903,6781889,304750863
97,97,8827,32107,1585831,9054667,349715647
101,101,9999,10403,1980291,597011,488209659
103,103,9991,27295,2195239,8945983,612103111
107,107,11449,34133,2449765,12124277,655294429
109,-218,9292,-65402,1824244,-19378418,444465532
113,113,12543,38081,2833479,14075393,802967943
127,-254,18328,-118340,5055748,-47755364,1562551948
131,131,17161,51221,4495789,22059221,1472344501
137,137,18495,56033,5023119,23427137,1704386175
139,139,18487,81871,4969111,44677639,1714391647
149,149,21903,22499,6516243,4492499,2428456683
151,151,26425,63571,8586313,30141451,3413695585
157,157,21823,23707,6103363,-4445453,2130472963
163,163,31015,56251,11415007,28084123,5387874175
167,167,27889,28223,9314425,9198527,3888729769
173,173,29583,30275,10126299,4821683,4323995043
179,179,32041,95765,11470141,43330709,5132839141
181,181,28891,-12077,8530975,-2118509,3195023671
191,191,36481,36863,13935169,6784511,6653987521
193,193,41881,113677,17478457,52932493,9067524121
197,197,38415,39203,14982819,12038867,7289396955
199,199,39187,159553,15727375,93154249,7850332927
211,211,50851,169855,22256491,137765071,11972395051
223,223,43039,48391,18619831,1895623,10422206839
227,227,51529,154133,23393485,106215797,13275724309
229,229,56563,51067,25723543,4427179,13779085663
233,233,53823,162401,25036719,111308993,14573141343
239,239,57121,57599,27303121,18412799,16313527921
241,241,65311,140503,33834955,87343831,20683247491
251,251,63001,188501,31625749,132716501,19845061741
257,257,65535,197633,33424119,158887937,21274885335
263,263,69169,69695,36382105,30266303,23921128969
269,269,71823,72899,38620923,37840499,25993461123
271,271,54829,121069,29780641,136980181,21522724129
277,277,68419,75067,35752951,-29534213,23806859599
281,281,78399,236321,43845951,209974721,30636114639
283,283,88579,287245,52268119,219976333,38871348799
293,293,85263,86435,49638339,30985043,36077075643
307,-614,70312,196192,39886828,408667216,31149241012
311,311,96721,97343,60159529,12875711,46773887161
313,313,101725,390937,61773997,375812353,45413474725
317,317,99855,101123,63284619,-16499533,50191654515
331,331,99631,163183,60140383,162945991,45893688871
337,337,103459,374407,65806495,468182287,53653633759
347,347,120409,360533,83562805,370523477,72490550989
349,349,113425,-3839,71388769,-94972031,57403840465
353,353,123903,373121,87271959,394964993,76855100343
359,359,128881,129599,92535481,93182399,83050399081
367,367,123679,273415,87833743,310488967,80373215839
373,373,148081,-290567,116330497,-658964807,112028584321
379,379,110737,532585,74497717,745853689,65100822877
383,383,146689,147455,112362625,41915903,107586991489
389,389,150543,152099,116978403,118252499,113684459163
397,-794,190084,-528740,159191872,-757716044,165479087584
401,401,159999,481601,127681191,551359361,127235358759
409,409,169735,351331,137754403,382025179,137524183795
419,419,175561,525845,147118861,733045109,154106741461
421,421,159559,139351,130262035,176230711,136847672299
431,431,185761,186623,160124689,12102911,172534071601
433,3031,192865,2856115,184210297,3100990531,211875150745
439,439,179551,190087,144564895,218031559,146827884511
443,443,196249,587861,173875285,842812373,192566581549
449,449,200703,603905,179737143,903891329,201161234583
457,457,211591,1250809,196794271,1886360137,229285657711
461,461,211599,213443,194820411,-68803789,224286494019
463,463,194923,-43985,168597283,-527730857,184559299243
467,467,218089,653333,203693725,954543797,237812094469
479,479,229441,230399,219803041,-73344001,263213795041
487,487,243631,304309,230780827,289188397,271316530171
491,491,241081,722261,236740069,970074101,290598070621
499,499,263971,111277,258795871,-394508531,310215438391
503,503,253009,254015,254525545,227980223,320065490809
509,509,258063,260099,261863883,-28447501,331983831603
521,521,270399,813281,281442831,956368961,366293946879
523,523,254197,300475,235557181,694685323,285999196717
541,541,310051,898813,371554795,2064738781,569568130651
547,547,322183,1313347,365621911,2484008947,519599760583
557,557,309135,311363,344265819,294113267,479523001635
563,563,316969,949781,356905405,1778534453,502343879269
569,569,322623,970145,366929823,1779035969,521900551023
571,571,353449,1138003,405005161,1632582451,575451683449
577,577,335485,521605,368615629,292416157,508505087845
587,587,344569,1032533,404522245,2014883957,593635874749
593,593,350463,1053761,414782439,1535491073,613536391143
599,599,358801,359999,429841801,408638399,643687555801
601,601,343171,498229,392098627,-184105019,557992610371
607,607,386659,707155,477969403,424513747,737595479419
613,613,357841,791731,429527341,2403577963,647414455501
617,617,379455,1140833,468201519,1582457537,722574805215
619,619,353449,461155,428622217,185305699,659778808009
631,631,373969,-1016009,481082257,-3429387809,803089985689
641,641,409599,1231361,523620471,1646704001,836299648599
643,643,386443,1347085,496671847,2721182173,803898325183
647,647,418609,419903,541678105,105513407,876163703689
653,653,425103,427715,554785659,488673203,905336720643
659,659,434281,1301525,572380381,2529077909,942996022981
661,661,428989,-990839,546225037,-4112000279,874003993309
673,673,461005,1325137,636614941,2817964153,1081197034885
677,677,456975,459683,616919619,-185124973,1040437927995
683,683,466489,1398101,637221925,2942385173,1088055733789
691,691,481627,883789,670168423,1414827421,1173936722527
701,701,489999,492803,685281291,-402576589,1197484483059
709,709,523951,-964949,792021451,-4012793981,1470746183851
719,719,516961,518399,743387761,-247968001,1336238721361
727,727,559063,524167,854499079,967814647,1599041297143
733,733,497707,532891,714225415,401656363,1288703886607
739,-1478,513328,-2299148,700231228,-5040558428,1217031727348
743,743,552049,553535,820342585,685017023,1523785519849
751,751,573013,496411,868951309,111513691,1649397103693
757,757,601039,1267975,954681571,1222434127,1848518042419
761,761,577599,1735841,879097311,3994611521,1673346979119
769,769,554449,1089673,787924753,1629791209,1435491415729
773,773,595983,599075,921235299,786350483,1780798588443
787,787,600481,1936807,920748289,4196240767,1784764595401
797,797,633615,636803,1008747819,1010174387,2007504652755
809,809,652863,1961825,1054025583,5141843009,2126300012703
811,5677,587497,7045219,907187029,11009571547,1774913752837
821,821,672399,675683,1103340531,199331411,2263596832779
823,823,716833,-937397,1272034561,-5551709597,2765014506313
827,827,683929,2050133,1131216085,4674031157,2338788225709
829,829,651511,4752973,1049066407,16999343029,2083224338911
839,839,703921,705599,1181176921,669220799,2477517531721
853,853,707137,-746375,1191562465,-2190224447,2557385345017
857,857,732735,2201633,1253182719,5539683137,2678035576335
859,859,701803,2701555,1219210483,8328682459,2628421272763
863,863,744769,746495,1285468705,1181827583,2773397609569
877,877,790177,832273,1411195921,1019043217,3137472040177
881,881,774399,2326721,1363943751,6689751041,3003773128839
883,883,686899,5729509,1112624695,20578165813,2322216193519
887,887,786769,788543,1395725545,1132628927,3095020211449
907,907,877069,2504227,1714606405,5851468027,4101878683309
911,911,829921,831743,1512113329,-197868289,3443836857361
919,-1838,824584,-2236580,1508529652,-2239936988,3550468768084
929,929,861183,2587265,1600008663,7841504129,3717405917943
937,937,884053,-220139,1859504221,-1929212243,4841663734693
941,941,883599,887363,1660734171,1372233011,3901308686499
947,947,896809,2688533,1698553405,7469472917,4021323836389
953,953,906303,2722721,1725897759,8650076993,4108634812143
967,967,877069,2658283,1673361589,7834489867,4014269100709
971,971,942841,2826581,1830994309,8609459861,4444737265981
977,977,952575,2861633,1857756519,9095245697,4527219214695
983,983,966289,968255,1899721225,1608621503,4668563456089
991,991,1076491,2513089,2199060703,7051892401,5505735018151
997,997,999991,988027,2006014051,165967027,4889030441491
1009,1009,966223,3845845,1881068383,10915625989,4602569471263
1013,1013,1024143,1028195,2074902579,1805805203,5256739536843
1019,1019,1038361,3113045,2116176661,7560114869,5390958481261
1021,1021,1024063,1036315,2071675939,1279263571,5224488755203
1031,1031,1062961,1065023,2191822489,2157554111,5649420865801
1033,1033,1060891,3986347,2152670503,10009931563,5462733819151
1039,1039,1073287,611971,2203470679,-422264501,5635085599087
1049,1049,1098303,3299105,2300244543,11269156289,6020041656783
1051,1051,1035235,3841405,2114667703,12912455581,5496576769855
1061,1061,1123599,1127843,2381308611,2113672211,6307796594619
1063,1063,1136017,-470627,2522214253,-8403121187,6706336026997
1069,1069,1072207,1136347,2259014563,2073276979,5988144498787
1087,1087,1246789,1201135,2799680461,1503598087,7742487154549
1091,1091,1190281,3568661,2597189869,12766173941,7083833576821
1093,1093,1214323,1188091,2712190711,4615136683,7504813231903
1097,1097,1201215,3608033,2634093519,8702063297,7221384053055
1103,1103,1216609,1218815,2683836145,-1377866497,7400676339409
1109,1109,1227663,1232099,2722873683,-811886701,7551584639403
1117,1117,1272655,-641771,3099579823,-2765500163,9337626827335
1123,1123,1187011,5445427,2646013723,18095779963,7437930134611
1129,1129,1240771,5562583,2634611263,15850619119,7054876881631
1151,1151,1324801,1327103,3049688449,1465178111,8775476519041
1153,1153,1390951,-1603421,3378150307,-8333965277,10294647849451
1163,1163,1352569,4055381,3146072005,12382357493,9147202319869
1171,1171,1577431,-3795983,3757697731,-27613899359,10929118826971
1181,1181,1392399,1397123,3283726251,3266682611,9677344435539
1187,1187,1408969,4224533,3344888845,16121823317,9925955528149
1193,1193,1420863,4267361,3387251439,16923374273,10093661568543
1201,1201,1514461,3604201,3640539661,7569275761,10811303109541
1213,1213,1551427,-515525,3830140975,-11980101077,11639145644407
1217,1217,1478655,4440833,3597054519,17219869697,10939172805015
1223,1223,1495729,1498175,3658549465,1231464383,11186012739529
1229,1229,1507983,1512899,3700655163,2710720499,11348321970243
1231,1231,1456273,-2362289,3515124193,-19740478049,10649658319393
1237,1237,1493059,5114995,3600301039,19960602067,10845703832599
1249,1249,1642435,4954783,4216552159,16711972759,13227706220815
1259,1259,1585081,4752725,3991230181,19938368789,12562394610781
1277,1277,1628175,1633283,4154070219,2451573107,13246880242995
1279,1279,1833085,-2463443,4933937881,-17549894771,16452205869025
1283,1283,1646089,4935701,4223860525,19829933813,13548030158389
1289,1289,1658943,4981985,4271359503,19346292929,13744412318463
1291,1291,1682173,3502483,4380062197,15511430251,14390467098253
1297,1297,1487485,4895947,3584643049,16929399187,10957094197705
1301,1301,1689999,1695203,4397363091,4130819411,14306777681259
1303,1303,1682173,4723375,4503943285,11078160103,15109496795533
1307,1307,1708249,5122133,4465358965,15391377077,14590557849229
1319,1319,1739761,1742399,4589485561,-466766401,15133826021161
1321,1321,1808449,7404205,4816262209,31850387821,15999318660529
1327,1327,1752967,1752967,4438657087,-1250346953,14080819993807
1361,1361,1849599,5554241,5033345511,17339685761,17125000639719
1367,1367,1868689,1871423,5108991625,1924682687,17459976068569
1373,1373,1882383,1887875,5161566699,4836407603,17686436513043
1381,1381,1965163,3522931,5457602167,6440383171,18797880378943
1399,1399,2049535,1948807,5777927359,2321255239,20085257296255
1409,1409,1982463,5953025,5586475383,27702068609,19683452380503
1423,-2846,2098984,-10428236,6240645412,-38163452756,22645827438004
1427,1427,2036329,6106133,5811678685,28543868597,20733160647109
1429,1429,2059189,2556481,5713718917,5281329169,19631802174949
1433,1433,2050623,6157601,5870269119,28796251073,21001955243343
1439,1439,2070721,2073599,5959530721,3980620799,21439408655521
1447,1447,2154583,-3349805,6186447367,-24010439093,22137618675343
1451,1451,2105401,6313301,6109869349,29911075061,22163547898141
1453,1453,2015311,5275843,5838558091,21878676523,21498404544091
1459,-2918,2021116,-2517650,5785689076,17541214222,21073127590036
1471,1471,2049103,2155015,5854146055,4466016151,20872892435863
1481,1481,2190399,6577121,6484201551,28590351041,23994781263039
1483,1483,2314963,2920027,7034831467,9021009763,26416845547843
1487,1487,2211169,2214143,6576012145,6550533887,24446321824849
1489,1489,2279659,5352955,6864146647,23777713819,25667710998319
1493,1493,2226063,2232035,6639235539,5544510803,24746923424043
1499,1499,2247001,6738005,6736504501,29428774229,25245047239501
1511,1511,2283121,2286143,6899587129,2211198911,26063186947561
1523,1523,2319529,6955541,7065280765,33384633653,26901053025829
1531,1531,2734705,3070639,8635745233,10503688231,32627932870825
1543,1543,2343817,-3701657,7164332617,-35981212697,27556417559257
1549,1549,2570833,13931101,7846509889,85510464589,29688645218113
1553,1553,2408703,7232321,7480446759,33372232193,29044994661543
1559,1559,2430481,2433599,7578235081,6632548799,29536167574681
1567,1567,2643553,6685489,8942796037,42875270497,37596565607293
1571,1571,2468041,7400981,7754580109,35936296661,30456109668181
1579,1579,2540611,2625877,8157930343,-1818281531,32561248341631
1583,1583,2505889,2509055,7933639825,4794971903,31397375840689
1597,1597,2464171,2540827,7644044551,-2238484133,29823965996671
1601,1601,2559999,7686401,8186884791,40331368961,32718901755159
1607,1607,2582449,2585663,8299986265,5940823487,33345190937929
1609,1609,2463379,9105331,7760667487,39993680899,31170563901559
1613,1613,2598543,2604995,8376392379,5082935603,33749481800643
1619,1619,2621161,7860245,8487314461,41154188309,34352401341061
1621,1621,2511919,1880281,7893982711,-10530815399,30979960555879
1627,1627,2774035,4306669,9265525831,24005633677,38632245813775
1637,1637,2676495,2683043,8762514819,-5498501293,35867499918075
1657,-3314,2737552,-4858046,9024740944,14722018186,37262275963912
1663,1663,2775547,5788903,9104906707,31300227343,37676925856507
1667,1667,2778889,8333333,9264810925,44516753237,38611095353269
1669,1669,2795575,-368849,9314544931,-16529928641,38415217097035
1693,1693,2808937,5391919,9886529269,21419232103,43534945797157
1697,1697,2876415,8636033,9751458519,46847790977,41314469988855
1699,1699,2774467,9145717,9079573231,57767556229,37779033146167
1709,1709,2917263,2924099,9969003483,4229622899,42589408567203
1721,1721,2958399,8882081,10174054431,42812217281,43731355191279
1723,1723,2896363,18496405,9937652335,120468197653,43084321809223
1733,1733,2999823,3006755,10392045219,8465897363,45001574682843
1741,1741,2884837,4284601,9852954469,13692652561,42571255923037
1747,1747,3155959,-8930447,10922437099,-72658508903,46394641986859
1753,1753,3083527,254185,10889419375,3813875593,47304689707567
1759,1759,3241837,3569011,11181911989,9964994419,47522483779957
1777,1777,3125743,13606489,11078217679,70834322617,49405404296143
1783,1783,3334735,15523759,11999979703,90979459903,54779586047335
1787,1787,3193369,9576533,11413095445,55766035157,50987999101549
1789,1789,3340063,3189787,12261221731,8024668819,56174452107283
1801,-3602,3013888,-3726998,10058093152,5491571818,42481173843568
1811,1811,3279721,9835541,11879144029,36985529621,53782819662661
1823,1823,3323329,3326975,12116852065,6208410623,55222548292129
1831,1831,3473407,3341575,12961416463,257962471,59913732663247
1847,1847,3411409,3415103,12601739305,9892459967,58188526114489
1861,1861,3552649,13512721,13338250393,65768702401,62045657486569
1867,1867,3541699,5938927,13376802955,21806141887,62567359852219
1871,1871,3500641,3504383,13099393009,13116909311,61272405539281
1873,1873,3419803,-4226327,12857396203,-58872428927,59603609844163
1877,1877,3519375,3526883,13202907219,13219619027,61909913754795
1879,1879,3677203,5052631,14082873883,23961040399,66726547079683
1889,1889,3564543,10701185,13459962903,55776882689,63532697268663
1901,1901,3609999,3617603,13724004891,11840399411,65229045999459
1907,1907,3636649,10906133,13870173565,55359430037,66126047006629
1913,1913,3655743,10974881,13974122079,65282963393,66759901376943
1931,1931,3728761,11182421,14400469189,68245307381,69518259407101
1933,1933,3608911,3724891,13471221187,5933896243,63056008984771
1949,1949,3794703,3802499,14779510443,-9760687501,71944497971283
1951,1951,3958579,2928451,16053493291,-5036918669,79304566714699
1973,1973,3888783,3896675,15341782899,8434162643,75665573180043
1979,1979,3916441,11745365,15501267541,77182486229,76692515274541
1987,1987,3852793,11566327,15083275273,57340965727,75123213017953
1993,1993,3804637,13371037,14806615885,109947389653,72396596671957
1997,1997,3984015,3992003,15911753019,8769927347,79452574930755
1999,13993,4194805,64207729,17372287285,322437717553,89933214880405
2003,2003,4012009,12032021,16072102045,74059064213,80481044962309
2011,2011,4104451,16315243,16805140699,86046502771,85077636930691
2017,-4034,3932500,-24918650,15715006540,-160647016154,79650982626220
2027,2027,4108729,12322133,16656781285,69633837077,84408232988509
2029,2029,4275103,13429951,17160127243,49913330239,85209193549603
2039,2039,4157521,4161599,16954364521,1628836799,86424866899321
2053,2053,3993985,6914017,16244025985,6147028153,83230207022665
2063,2063,4255969,4260095,17560121905,-2194864897,90566322330769
2069,2069,4276623,4284899,17693976723,11824895699,91520372694123
2081,2081,4326399,12987521,17999902551,74849077121,93614702552439
2083,2083,4476367,15474607,18753376063,84353612743,96249885711127
2087,2087,4355569,4359743,18180138745,4238198207,94854867358249
2089,-4178,4169560,-30891608,17338139692,-209384641688,90936531445780
2099,2099,4405801,13213205,18495546301,66125869589,97055372595301
2111,2111,4456321,4460543,18814580929,17539878911,99293944157761
2113,2113,4629583,7913185,19533913759,-1842619007,102885704499583
2129,2129,4528383,13593665,19277260263,94902135809,102588322221543
2131,2131,4669021,12174403,20168446741,132543136171,108493512304621
2137,2137,4541125,13721677,19706827381,83939727637,107166544233805
2141,2141,4579599,4588163,19592347371,9927969011,104756605844499
2143,-4286,4875772,-17587898,21372968716,-55557366026,114651749778652
2153,2153,4631103,13901921,19940154159,98089218113,107337517522143
2161,2161,4827655,14174605,20415749095,138790872541,108650947327255
2179,-4358,4236196,-33871094,17462597092,-252412905758,92017407501676
2203,2203,4866427,121165,21081998431,-33720416867,115291002768967
2207,2207,4870849,4875263,21499920865,-15141430273,118625806055329
2213,2213,4892943,4901795,21636710979,4262041043,119576136630843
2221,2221,4839559,6731851,21285695875,30813900931,118153595065699
2237,2237,4999695,5008643,22352708619,16097342387,124905257663475
2239,2239,5066857,8438791,22899397129,39636187399,128849133749737
2243,2243,5031049,15088661,22569279085,112785376853,126557224911349
2251,-4502,4765828,14925502,21321787300,164455301398,119917117411948
2267,2267,5139289,15413333,23301529525,111850404437,132061410862669
2269,2269,4981897,5713417,21114202249,40242013489,112988807672977
2273,2273,5161983,15495041,23447963799,82909222913,133120119749943
2281,2281,4997671,8268625,22185980671,46382886961,123100484220991
2287,-4574,5387908,-39839822,26299862980,-292216403174,158318577754588
2293,2293,5037721,19951393,22615887289,195298222393,127766641167361
2297,2297,5271615,15824033,24207869919,113334074177,138958152049455
2309,2309,5326863,5336099,24581654883,23781570899,141778433381403
2311,2311,5312989,13868311,24486623413,96013996831,141111736361149
2333,2333,5438223,5447555,25367288619,-9255965197,147919242559443
2339,2339,5470921,16408085,25592961421,102833084789,149654833691221
2341,-4682,5566144,-43725392,26086621012,-253696069472,153565147591084
2347,2347,5353507,22265989,24177078343,142341919477,136518061596607
2351,2351,5527201,5531903,25988892049,8321978111,152749704715441
2357,2357,5550735,5560163,26162117619,5647539347,154153129306635
2371,2371,5394025,15224191,24129161977,76726470871,135872286853345
2377,2377,5247199,24877927,24551387155,176554801207,145158665313259
2381,2381,5664399,5673923,26973841851,25652015411,160588622943939
2383,2383,5607199,5664391,26273034919,10250055223,154432486141399
2389,2389,5936665,-2033039,28612452985,-76822870391,169162347019105
2393,2393,5721663,17174561,27383395839,132864052673,163844576214543
2399,2399,5755201,5759999,27613447201,-5613657601,165611640943201
2411,2411,5812921,17433941,28029897829,128171149301,168950200432861
2417,2417,5837055,17520833,28193563719,126614644097,170195361531015
2423,2423,5870929,5875775,28450514665,24177568703,172338983764729
2437,2437,6143677,-5290727,30427954285,-61312161383,186058550369197
2441,2441,5953599,17870561,29063158671,133862392001,177367319151999
2447,2447,5987809,5992703,29304329905,29029840127,179269229199889
2459,2459,6046681,18135125,29737569781,147467486549,182811701146381
2467,2467,6235939,6317335,29837079667,93732731047,181804117489939
2473,2473,5878321,19113817,28605290449,150835430233,174278954470321
2477,2477,6130575,6140483,30358541019,-23565110413,187918842348195
2503,2503,6224815,11942749,32037314995,46154770093,205256695944475
2521,2521,6152221,28308619,31208027545,270832536451,201057503876281
2531,2531,6405961,19212821,32426966989,141235649141,205181624001301
2539,2539,6080887,39334717,29241917875,386889001309,175998865645387
2543,2543,6466849,6471935,32890386385,-19637043457,209100621729649
2549,2549,6492303,6502499,33073723443,32714250899,210581036519883
2551,2551,6767803,10869811,35840746435,71824840291,235435527940003
2557,2557,6767299,-10898711,34461738307,-225050017103,215542238580379
2579,2579,6651241,19948565,34307093341,159152336309,221194974326341
2591,2591,6713281,6718463,34788214369,12435558911,225340648492321
2593,2593,6996925,19465831,37710914905,112605232303,250153358733145
2609,2609,6801663,20415425,35477979783,164331311489,231321100575303
2617,2617,6832987,15469087,34974628087,103582068247,223037686870327
2621,2621,6864399,6874883,35960533131,33401476211,235459718814579
2633,2633,6927423,20792801,36475264719,155323726913,240093117338943
2647,2647,7458769,18964891,40159394137,108799486867,269666183090449
2657,2657,7054335,21173633,37468324119,179676545537,248749698404535
2659,2659,7197913,15446131,38577588313,56444191939,256675566259033
2663,2663,7091569,7096895,37769688505,36001312703,251451690571369
2671,2671,7246423,7118215,37980597007,41760385351,248929880929903
2677,2677,6893275,15887995,36422426599,85557856987,241042728043855
2683,2683,6945031,-8647793,37012522303,-177325273457,247708172199871
2687,2687,7219969,7225343,38800105345,24469329407,260639696811649
2689,2689,7053247,44726137,38032824943,441138497209,256121851821967
2693,2693,7246863,7257635,39019693539,-934172077,262626949458843
2699,2699,7284601,21848405,39322268101,195220696949,265326993071101
2707,2707,7197913,25502647,37777124329,213616316287,249409647252193
2711,2711,7349521,7354943,39849094729,37283301311,270077228487961
2713,2713,7181311,13073947,39629166811,132324794083,275346173518651
2719,2719,7214293,38228185,39514247929,391296539089,270234171193753
2729,2729,7441983,22336865,40589626863,199009926209,276689160192543
2731,2731,7736923,29710549,42984577231,204925626421,296610989627623
2741,2741,7507599,7518563,41147757171,28197409811,281920872930699
2749,2749,7507519,7540507,41276753347,55962841939,282285690514579
2753,2753,7573503,22731521,41671503159,194656043393,286574155611543
2767,2767,7440463,7639687,40087391191,45539341927,274634122397143
2777,2777,7706175,23129633,42795291519,213901093697,297102515038095
2789,2789,7772943,7784099,43337913603,43412433299,302026102314363
2791,19537,8685229,82519849,49291557613,478772544937,347033889270109
2797,2797,7806427,13814383,42683359063,90736372567,287886169200007
2801,2801,7839999,23531201,43903649991,211668883841,307322235441159
2803,2803,7839991,12750847,44630703031,106076597383,314609905603231
2819,2819,7946761,23834645,44803830061,150726492149,315754980420661
2833,2833,7736923,14179165,41745021427,42676476973,283381530766003
2837,2837,8042895,8054243,45634275219,41210690387,323695805210475
2843,2843,8082649,24242261,45957933685,206309774933,326646001527949
2851,2851,8042671,30656803,45876755311,266928417091,330594582689311
2857,2857,7973887,20658967,45211007851,175919854087,319867242053347
2861,2861,8179599,8191043,46785355611,-3317755789,334495820214819
2879,2879,8288641,8294399,47725986241,22892889599,343507773522241
2887,2887,8611921,28549543,51126388225,305320315447,375859324036561
2897,2897,8386815,25172033,48589394919,213187451777,351918751425255
2903,2903,8427409,8433215,48929527945,23216455103,355106036405209
2909,2909,8456463,8468099,49170338283,2902341299,357341630883603
2917,20419,8533453,98960941,50731930105,795612548749,374715114422833
2927,2927,8567329,8573183,50153135185,41491984127,366995553850609
2939,2939,8637721,25907285,50772515221,253762520789,373051042615021
2953,20671,8724145,128713447,53981589625,1112774914471,417278996695945
2957,2957,8737935,8749763,51669636219,51717311987,381952186117635
2963,2963,8779369,26332181,52026531805,225271885493,385386521161669
2969,2969,8809023,26438945,52307756223,221168294849,388304432563023
2971,20797,9077449,79907311,54865764133,455676060487,416401637041909
2999,2999,8994001,8999999,53946009001,51111959999,404460188979001
3001,3001,8915971,26237743,53030220703,215575416631,394842223649071
3011,3011,9066121,27192341,54596171629,271632881621,410972668323061
3019,3019,9422299,34926811,57070623523,363552128659,431229052006459
3023,3023,9138529,9144575,55251537265,49279497983,417563479157329
3037,3037,9405589,2444785,58214806981,-116334511343,447922364235589
3041,3041,9241599,27736961,56171179671,236799510401,426712155513399
3049,3049,9607399,45024583,59847224755,423969539959,462640058321419
3061,21427,9345181,117078445,56153369113,809795065117,420184924526881
3067,3067,9148861,43247767,55808797381,486103807207,430583731361941
3079,3079,9774253,-19515221,62617347037,-152980077221,498283733842813
3083,3083,9504889,28508501,58607136325,292975859093,451714488952189
3089,3089,9535743,28619585,58876740903,240225107969,454355407069863
3109,3109,9404725,-7122719,57598952101,-152636708591,447423650822485
3119,3119,9728161,9734399,60684258961,60253843199,473185494640561
3121,3121,10058983,21706555,64680849283,228928333411,517217945174803
3137,3137,9834495,29516033,61662299319,308454939137,483216672631575
3163,3163,9643987,-2482955,59948127079,-23436593147,466753784050687
3167,3167,10029889,10036223,63529307425,42389664767,502993276476769
3169,3169,10087885,73521271,63052005745,830956430719,492890474476225
3181,3181,10405051,10099675,67077471559,63068334811,539345379537631
3187,3187,9329941,25750819,56879386093,170655830587,441491258940661
3191,3191,10182481,10188863,64984584169,29623077311,518414504918521
3203,3203,10259209,30771221,65720483245,279935252693,526256754179509
3209,3209,10291263,30886625,66026103183,298311082049,529499769637503
3217,3217,10600015,26157427,68565678667,246167308027,553160941873435
3221,3221,10368399,10381283,66761203731,54206824211,537300514041579
3229,3229,10562059,10407067,68850009127,89857643659,559574272560079
3251,3251,10569001,31700501,68719634749,335155703861,558518815552741
3253,3253,10718635,-484697,70196132167,-172992911057,573344782519015
3257,3257,10601535,31817633,69022028319,256994109377,561666454410735
3259,22813,10608817,181370431,67627267477,1606327447783,534919956416677
3271,3271,10679815,10679815,68573247271,44730178711,546435524125975
3299,3299,10883401,32643605,71808669901,356098516949,592241988666901
3301,3301,10817377,-20000759,70717002529,-266164605359,580278874172617
3307,3307,10559251,52187767,67633444507,548425261207,540509415555931
3313,3313,10807903,-30017303,68384338183,-487649734847,540478729517743
3319,3319,11394127,-22141049,77885170783,-241980819641,665749322001247
3323,3323,11042329,33120341,73387308565,366828199733,609665049323629
3329,3329,11075583,33240065,73723932663,368870247809,613439756144343
3331,-6662,10655932,-22157918,70053151372,-117893842502,592817917080052
3343,3343,11396287,11155591,77637862087,84440172823,658573773794167
3347,3347,11202409,33600533,74988915805,336425415317,627469736177989
3359,3359,11282881,11289599,75798384481,38577983999,636516916738081
3361,3361,11558479,30958171,77838319915,280513560691,650710982892619
3371,3371,11363641,34084181,76613657509,374174632181,645661581594781
3373,3373,11033083,11356891,73121737735,72027290203,609837932500543
3389,3389,11478543,11492099,77756958603,67068957299,658344690318963
3391,3391,11885455,11478535,81883131463,-8455092329,704295564582295
3407,3407,11607649,11614463,79094510065,8735278847,673687472050129
3413,3413,11641743,11655395,79422570579,71340133523,677227491958443
3433,3433,12176851,13453927,84257115055,44614359343,725010545509471
3449,3449,11888703,35679905,82008014943,320150669249,707193153060783
3457,24199,11746525,177804235,79756877365,1576817907619,686383051210525
3461,3461,11971599,11985443,82857923811,75248200211,716896318795419
3463,3463,11888479,11971591,82209490255,192134660263,714834882289999
3467,3467,12020089,36053333,83347286725,259086521237,722412589641469
3469,3469,11680123,10472911,77715374839,3333135079,654442422698503
3491,3491,12187081,36554261,85090189069,392948324981,742624606801621
3499,3499,12326977,25532203,86521211089,201173787739,756019008803137
3511,3511,11147365,20985571,71312896765,97582755691,577113192559045
3517,3517,12031657,44275513,81890809609,484264454977,699784889242177
3527,3527,12439729,12446783,87749837785,1804275647,773734175992009
3529,3529,12210697,43335145,86139625033,647106516649,761455804161097
3533,3533,12475023,12489155,88107669819,82395887603,777794264043843
3539,3539,12524521,37566485,88648549021,443179595189,784318018658821
3541,3541,12729895,12517435,90628077667,85902634771,803426539662595
3547,3547,12219571,13283785,83367883351,50530591657,711972055238671
3557,3557,12645135,12659363,89951279619,89483274707,799904554970235
3559,3559,13093561,31564771,94427327497,433789692859,839518228072321
3571,3571,12387799,43284091,85939046791,404131123531,750668697371479
3581,3581,12816399,12830723,91745314251,91732439411,820868659097139
3583,3583,12859525,18693883,91926001549,14719838923,833378679653005
3593,3593,12902463,38721761,92700685839,427849125953,832570390265343
3607,3607,13421647,12988807,98858841679,-5686840793,899251763082607
3613,3613,13400617,-14000375,97901869273,-473031838727,887871530603017
3617,3617,13075455,39240833,94587570519,358018765697,855399434212215
3623,3623,13126129,13133375,95111919865,32650044863,861476194469929
3631,3631,12900943,13162375,93341074903,71827679671,842657959669063
3637,3637,12888271,6774211,90145656307,-275289817733,776875411693171
3643,3643,13621177,50451907,98691824473,595091388403,885545696933257
3659,3659,13388281,40157525,97975429381,489781559189,896230220161981
3671,3671,13476241,13483583,98942550409,36843774911,908045236145881
3673,3673,13611313,100186219,101517781933,1351374240043,947788357644613
3677,3677,13512975,13527683,99331242219,97935096947,912646341618195
3691,3691,13065985,26521021,92603263789,274759469101,828097069883365
3697,3697,14111449,55458697,104703313369,600076827577,962678977930729
3701,3701,13689999,13704803,101311290291,83867291411,937198181674059
3709,3709,14097565,41637277,104208581917,236042582149,961354336527685
3719,3719,13830961,13838399,102874676761,99373617599,956477286420361
3727,3727,13960351,11972377,101876352787,28822804417,931389767480611
3733,3733,14181667,21393823,106125990655,182408910103,990075875985487
3739,3739,13621177,50390503,100111796041,469501350319,925140778060417
3761,3761,14137599,42427841,106317787911,526833963521,999427389355719
3767,3767,14190289,14197823,106909626025,104891817407,1006821381786169
3769,3769,14386273,29944705,109846026625,254443591009,1050415409642113
3779,3779,14280841,42834965,107934584941,446690161109,1019711969789941
3793,3793,14409607,55829167,110757209875,784112340943,1057584322589707
3797,3797,14409615,14424803,109425848019,80259736787,1038824266138155
3803,3803,14462809,43380821,110004113845,516058394933,1045864090668109
3821,3821,14592399,14607683,111462655131,-326347789,1064157170609379
3823,3823,14225383,14592391,107473342015,-399181817,1017413375969503
3833,3833,14684223,44068001,112556497119,562909630913,1078514260400943
3847,3847,15053311,17500003,119449076863,171034994107,1181407579410391
3851,3851,14830201,44482901,114222196549,560137619861,1099674175010941
3853,3853,14456899,34995817,108171982747,358082407153,1004421272376979
3863,3863,14922769,14930495,115293301705,66232065983,1113445038812569
3877,3877,15496369,19497433,122225843425,9900642457,1200694717985329
3881,3881,15054399,45178721,116814263151,515215328321,1132991509294239
3889,-7778,14398240,-66418334,111656370256,-443467666238,1079069973346000
3907,3907,16964047,4989313,136921602331,10820412217,1359929490826267
3911,3911,15295921,15303743,119644682329,-34065588289,1169825858508361
3917,3917,15335055,15350723,120085106619,9195983987,1175372183301315
3919,3919,15546673,-10389269,123040418449,-334988292941,1209591555224713
3923,3923,15389929,46161941,120749371165,477692062613,1184249434596229
3929,3929,15429183,46303265,121233758463,496605644609,1190819551216143
3931,3931,14981041,50336455,116779643953,669904430671,1149358016763481
3943,-7886,15027304,-5323976,116942857252,348883784464,1135788816020644
3947,3947,15578809,46728533,122979106405,597415516277,1213496309063389
3967,3967,15546673,-11468597,122640023185,-308445229853,1208712260036713
3989,3989,15904143,15920099,126853232403,124726420499,1264751819702763
4001,4001,15999999,48016001,128029413591,627852928001,1280706342797559
4003,4003,16048027,66245647,127614555187,967906308943,1263319392952147
4007,4007,16056049,16064063,128673164665,124592860607,1288983402927529
4013,4013,16096143,16112195,129133609179,114457305203,1294903388948643
4019,4019,16152361,48449045,129832665661,575619148949,1304493683980261
4021,4021,16289071,31005931,134432362219,240663423331,1382855453509051
4027,4027,16627483,37720909,135634695775,517027068637,1384034988363943
4049,4049,16386303,49175105,132680253543,637813708289,1342961632935783
4051,-8102,15497212,-41778350,120106320244,-192327447902,1156752292128292
4057,4057,16337539,58570909,132217299523,753800407117,1341311456974339
4073,4073,16581183,49759841,135063175599,545970828353,1375314271272543
4079,4079,16638241,16646399,135734757841,-14706912001,1384155168105841
4091,4091,16736281,50200661,136936238869,668257122101,1400515357907821
4093,4093,16433395,38191783,130194259663,548478411823,1293772192126975
4099,4099,16555861,27647755,134201124733,562633683139,1357917002147941
4111,4111,17368975,-1229189,144126796687,-102307439069,1485839318538055
4127,4127,17032129,17040383,140583180385,84656329727,1450466938053409
4129,4129,16627483,60502237,133191988003,862410223789,1339651314433603
4133,4133,17073423,17089955,141078350019,129612826643,1457101961766843
4139,4139,17131321,51385685,141813062821,695626295669,1467410641822621
4153,4153,16724131,63644725,139893205315,886677431173,1478291764366531
4157,4157,17272335,17288963,143570708619,-79823250253,1491744331378035
4159,4159,16901155,-29277539,141004862191,-500048260451,1474567674508855
4177,-8354,18598000,-11154104,160737012412,353801684776,1737638985701620
4201,4201,17471959,70807855,146745118147,818648082991,1529890194642859
4211,4211,17732521,53189141,149343279229,498381581621,1572211345463461
4217,4217,17774655,53340833,149848225119,713507801537,1578992031895215
4219,4219,18280927,62681683,157150581919,794459809459,1680383329342447
4229,4229,17875983,17892899,151123784163,150237047699,1596852583929243
4231,4231,16062409,41917717,128672994133,579523008061,1321862892044869
4241,4241,17977599,53949761,152415119271,545318980481,1615081982165799
4243,4243,17824843,48323527,152719287619,457260595543,1633765320015523
4253,4253,18079503,18096515,153776786859,145772217203,1635074575586643
4259,4259,18139081,54408725,154508679181,729521345909,1645131134349781
4261,4261,17644801,25825921,147786036145,292716911521,1555627227482881
4271,4271,18241441,18249983,155818376209,-12032940289,1663750684588081
4273,4273,17925235,34179727,152260222063,280576353943,1617521612049775
4283,4283,18344089,55023701,157135453525,736366043573,1682527841081389
4289,4289,18386943,55177985,157653928503,788617404929,1689562385837463
4297,4297,18722029,76319017,165279127453,1174289057137,1815189267779749
4327,4327,19294093,887035,169463194837,-253293113573,1848514512263413
4337,4337,18800895,56420033,163078085319,776370537857,1768324137287175
4339,-8678,19356520,55845100,166607374588,1189263132652,1799057696515300
4349,4349,18905103,18922499,164434877643,101915992499,1787956887474483
4357,4357,18610849,55453519,160705972117,875793577447,1742042032541749
4363,4363,19454617,24297547,170618339257,-34951755797,1872507511375177
4373,4373,19114383,19131875,167130423699,-23079333997,1826647796936043
4391,4391,19280881,19289663,169324683769,163351000511,1858761687130921
4397,4397,19324815,19342403,169905321819,71438371187,1867283473515555
4409,4409,19430463,58309025,171331962783,790059825089,1888587722453103
4421,4421,19536399,19554083,172675895331,107532827411,1907668407365979
4423,4423,19854847,19536391,176346182095,48061843063,1954171906112767
4441,4441,20308693,81594493,182621775301,1081896066181,2043560689368733
4447,4447,19676233,10663867,172747654849,253092112147,1875475366447753
4451,4451,19811401,59425301,176361078349,771153513941,1962457869589141
4457,4457,19855935,59585633,176939990319,880713009857,1970860421434335
4463,4463,19918369,19927295,177791348305,93428446463,1983706938813169
4481,4481,20070399,60229121,179807890551,898508615681,2013489568734039
4483,4483,18785467,29660203,157827513475,147359251243,1690323112395667
4493,4493,20178063,20196035,181239599739,180862439603,2034689886704643
4507,4507,20907973,74910847,188736317341,1212153403087,2127995944701853
4513,4513,20123467,114652765,181146255475,1895321120173,2044633356731827
4517,4517,20394255,20412323,184241361219,149573367827,2080724727744315
4519,31633,19834717,218988325,174826156597,2163663722533,1922090220969877
4523,4523,20457529,61363541,185058793765,570588530933,2092552279788829
4547,4547,20675209,62016533,188020337005,939995448917,2137321149868789
4549,4549,20283991,20666107,180833984995,190777112179,2013692930724691
4561,4561,20200669,43297573,181687933453,567200053261,2057082132246949
4567,4567,20830087,20830087,190550443543,98922461047,2174042551162567
4583,4583,21003889,21013055,192521632825,108990527423,2205816576563689
4591,4591,22585087,46868239,215185570039,895015576711,2538448890631327
4597,4597,20498023,21104827,186876342307,309104690227,2155096435846483
4603,4603,21077137,101307427,192664139233,1461110932243,2224206276061057
4621,4621,21797257,-16908239,203328696841,-653105828519,2360028653089777
4637,4637,21492495,21511043,199299762219,-163868097613,2310230946289875
4639,4639,20907973,-607709,186667139101,-159017096141,2091042837264733
4643,4643,21557449,64663061,200182457485,973703545973,2323617842897749
4649,4649,21603903,64830305,200788472943,1003615524929,2332488332845983
4651,4651,20989963,100717405,192727603135,1483548084781,2218962408928903
4657,4657,22274431,13863889,206213090431,-7375715183,2366591434470271
4663,32641,21387757,229599937,202711932133,2066369277721,2404241228733517
4673,4673,21827583,65501441,203916854199,969006742913,2381093380990743
4679,4679,21893041,21902399,204875063641,101492567999,2396526024077641
4691,4691,22005481,66007061,206455408669,990363877781,2421205772134021
4703,4703,22118209,22127615,208043859745,199803761663,2446075647751009
4721,4721,22278399,66854081,210304437831,1021883115521,2481532245836679
4723,4723,22250053,104515267,207985650541,2002449558763,2434036590973093
4729,4729,22618807,23611897,214055976703,262132164169,2538456449449807
4733,4733,22391823,22410755,211945062219,47771262323,2507788241265843
4751,4751,22572001,22581503,214479139249,-21848133889,2547475942548241
4759,4759,22505311,22619527,217727338591,23055870679,2615746374364591
4783,4783,23537143,35016343,228482116375,139756564423,2745882234584503
4787,4787,22915369,68736533,219391728445,824777079317,2625570475768549
4789,4789,21849337,-10258181,203478442381,-646793444861,2389875190131997
4793,4793,22963263,68908961,220046436639,848305214273,2635594835202543
4799,4799,23030401,23039999,221045774401,96586598399,2651996643806401
4801,4801,22473481,105492373,217456836361,1470714225301,2629895007578041
4813,4813,23049457,-13567847,222939430753,-396812687687,2696965655112577
4817,4817,23193855,69600833,223441116519,1001568756737,2690870385331815
4831,4831,22671883,38556211,213079627123,371726921971,2495968892486563
4861,4861,24607567,76128805,247246663591,1432694975941,3091626785228887
4871,4871,23726641,23736383,231144922009,228270846911,2814767252150281
4877,4877,23775375,23794883,231878676219,64411665587,2826963507921795
4889,4889,23892543,71697185,233554391103,899846855489,2853707814560463
4903,4903,23715811,-32531405,227735392219,-614163012317,2745783261052411
4909,4909,24540091,24068827,242136006439,464405347339,2990160657328591
4919,4919,24196561,24206399,238045752361,146744203199,2927367603339961
4931,4931,24314761,72934421,239792158189,1125926744021,2956037793578101
4933,4933,24674239,1576513,246815507791,-369701545247,3089161554014719
4937,4937,24364095,73112033,240528679119,1118238206657,2968233547072575
4943,4943,24433249,24443135,241547084785,32451788543,2984918063556049
4951,4951,23772115,-40880519,241042600495,-803105244359,3061853250699655
4957,4957,25255915,66597295,254623676071,626805373447,3207854300071735
4967,4967,24671089,24681023,245082583225,235318385087,3043312940164969
4969,4969,24413221,26663149,249788001781,515255105989,3219411540704941
4973,4973,24720783,24740675,245808732699,246032366963,3055146265369443
4987,4987,25641073,29204353,254673704269,-60389339543,3144424776000013
4993,4993,24360847,35445307,240002939083,366731451523,2946246857450587
4999,4999,25229953,21840631,252749634961,-58690019321,3139913307463873
5003,5003,25030009,75080021,250450255045,1084946732693,3132506527405309
5009,5009,25080063,75260225,251204694183,1219933940609,3145131772107303
5011,5011,25771573,50275363,258615620413,423485441371,3213692897224693
5021,5021,25200399,25220483,252971036331,-45635914189,3174066625463379
5023,5023,24229909,78465871,236113489549,1347401334583,2934979046046469
5039,5039,25391521,25401599,255895733521,-85307040001,3223646464918321
5051,5051,25512601,76527701,257728280149,1284439958741,3254463819287341
5059,5059,25015483,124268545,250003762543,1300187898289,3161858747417623
5077,5077,25941025,-36688409,268341957829,-1578874292873,3466873690257565
5081,5081,25806399,77439521,262230458751,806807727041,3330993027882639
5087,5087,25877569,25887743,263278371745,78099698687,3348242653825249
5099,5099,25999801,77989205,265145955301,1314046723349,3379948026174301
5101,5101,25499899,25989595,261912023335,-86290245749,3370512727289359
5107,5107,25499251,49338727,254806742875,541632907927,3182592928658011
5113,-10226,25959208,-64318310,260222591248,-601870144766,3266674910224408
5119,5119,25866307,-29541749,263089924891,-895225649381,3338991243621787
5147,5147,26491609,79464533,272704607605,1361413365077,3509026498594189
5153,5153,26543103,79649921,273486127959,1186036746113,3522248912007543
5167,36169,25147885,388591633,257767713853,4169330522329,3357057997569205
5171,5171,26739241,80207381,276537214909,1056254888981,3574934805601381
5179,5179,26790967,84712903,275251943479,1034716666159,3564121764172687
5189,5189,26915343,26936099,279242368803,202827585299,3621206474089563
5197,5197,27663631,26977627,287707237411,-170587751213,3707477182037971
5209,5209,27727507,102580837,298098449011,2146844394709,3992743730436787
5227,5227,26600203,45480127,270505911139,378584241967,3435897475417603
5231,5231,27363361,27373823,286275467089,247041722111,3743767379785201
5233,5233,27133105,63366397,281197524337,1093430434573,3633436888002865
5237,5237,27415695,27436643,287058077619,179391502547,3756874033190475
5261,5261,27667599,27688643,291036050811,249621565811,3826625387855619
5273,5273,27793983,83403041,293060420799,1376330834753,3862548825572943
5279,5279,27867841,27878399,294228649441,274096665599,3883082559169441
5281,5281,28142449,82452253,304028182417,1298494909261,4105490921647489
5297,5297,28047615,84164033,297044832519,1479539823617,3932215462931655
5303,5303,28121809,28132415,298259890345,272856537023,3954180454039609
5309,5309,28174863,28196099,299160297483,-93030079501,3970897182754803
5323,5323,27727507,47561005,287388030103,773091469933,3758437787524447
5333,5333,28430223,28451555,303123320019,-186697285357,4039577884313643
5347,-10694,29506864,-106013132,310975681876,-1237929015524,4040953786885924
5351,5351,28633201,28643903,306432501049,-207120295489,4099300739806441
5381,5381,28944399,28965923,311461930851,311498723411,4189543643814939
5387,5387,29019769,87048533,312658975045,1524411703157,4210734702861949
5393,5393,29073663,87242561,313477632039,1566708355073,4224682902751143
5399,5399,29149201,29159999,314753056201,313032945599,4248379332322201
5407,5407,29073439,29138323,311788907359,103492381627,4168559548668199
5413,5413,29398003,29268091,317946063991,-24977537957,4305700592362063
5417,5417,29333055,88020833,317784753519,1535241726017,4303736864979615
5419,37933,31938169,429356143,369093203773,6360789832663,5190352399262269
5431,5431,29463175,87661771,318157717783,818062042771,4294157731644895
5437,38059,28387345,403294861,309486834637,5724814928989,4254440619650005
5441,5441,29593599,88802561,321951372471,1554466718081,4378024952843799
5443,5443,29071063,45008167,313820720791,644190593023,4255351328401663
5449,5449,29005027,99983701,311631123379,1949572571749,4184171466416947
5471,5471,29931841,29942783,327514187809,206654118911,4479575258832481
5477,5477,29986575,30008483,328353023619,195448229267,4494003852838395
5479,5479,30446803,133079431,336475191931,2671340972959,4630055055802483
5483,5483,30063289,90178901,329674010725,1464198035573,4519006456890589
5501,5501,30249999,30272003,332691618891,265588890611,4573386027047859
5503,5503,29457559,30249991,320183211679,-138882368297,4358507526215599
5507,5507,30327049,90970133,334022101165,1669852315637,4598649232271029
5519,5519,30459361,30470399,336210410161,331064505599,4638863088479761
5521,5521,31011457,39822973,346494147361,28935656461,4804911701292817
5527,5527,31789369,102511531,358445035153,1656333314587,5034264455046529
5531,5531,30591961,91764821,338408255989,1216409107541,4679340113772301
5557,5557,31313695,-61043645,342820377403,-1963037944853,4669858830569275
5563,5563,32299471,398341,374492421307,-956857162787,5330280734799211
5569,5569,31448143,114682417,356347412191,2091436780849,4993923667350943
5573,5573,31047183,31069475,346046548899,232384241363,4821535588756443
5581,-11162,31471852,-167515640,353795138800,-2994563531912,4933820522303272
5591,5591,31259281,31270463,349541263369,272192920511,4885712961823321
5623,5623,32157937,114512395,369991729969,2042001754003,5281207388005657
5639,5639,31798321,31809599,358621447321,-161126299201,5055665805882121
5641,5641,30974731,54463855,340211046919,899271583831,4686934949342551
5647,5647,32566249,43984483,374265761593,234646644187,5366468607429409
5651,5651,31933801,95790101,360915801949,1594361335061,5098837944105541
5653,-11306,32592460,-111233996,366011447632,-1441833755756,5189992541908120
5657,5657,31990335,95993633,361925888319,1548191699777,5118646551529935
5659,5659,31854511,111578503,360205836127,1828945737199,5063482208874631
5669,5669,32126223,32148899,364216163523,335117668499,5161604091412923
5683,5683,31546333,68815447,345758124325,1303510395223,4752773546324533
5689,5689,32902795,236003401,389072115883,5273380725769,5723790511865995
5693,5693,32398863,32421635,368877516939,43885008563,5250101018333043
5701,5701,33356551,82271131,385818007939,1001871879571,5558717438448931
5711,5711,32615521,32626943,372534463729,284976621311,5318860756938961
5717,5717,32672655,32695523,373502907219,336342949907,5337138980223915
5737,5737,32396839,110018449,370066811071,1636791436177,5306521030695199
5741,5741,32947599,32970563,378238412571,352528809011,5427721002816099
5743,5743,33407893,81884701,389891363041,1083850186573,5635787800034233
5749,5749,33844363,-10928849,393625065415,-500865634601,5677579130082103
5779,5779,33413653,27218449,386312497057,704321335729,5558865866537113
5783,5783,33443089,33454655,386802750025,-279906678337,5592200708292889
5791,5791,32667031,110150611,365084427847,2149840676251,5123204144617471
5801,5801,33639999,100943201,390158954991,1418673770561,5655984548208159
5807,5807,33721249,33732863,391638568465,312994053887,5685612867079729
5813,5813,33779343,33802595,392624728179,116837992403,5704301302248843
5821,5821,34128523,33849115,399038638951,79520903611,5836408593656383
5827,5827,33079879,151740907,385456685143,3014110542907,5656300002803239
5839,5839,34339159,-62074409,407200047703,-2339356352201,6053081425959559
5843,5843,34140649,102410261,398967606685,1954994826773,5827919263410949
5849,5849,34199103,102620705,400014876543,1827781857089,5848671633437583
5851,5851,32032891,118284931,372782225971,3121488096211,5437113800361571
5857,5857,35112715,75736867,409015706071,1166727979027,5944171337806015
5861,5861,34339599,34363043,402466699011,401821667411,5896272794916219
5867,5867,34421689,103253333,403904081125,1358563640597,5924263058239069
5869,5869,34670719,-88947287,399459522871,-3051082830311,5713615462133719
5879,5879,34562641,34574399,406387515241,253950935999,5972880453381241
5881,5881,34833163,107945755,415231326007,1595532105451,6229234929575503
5897,5897,34762815,104312033,409864706319,1558642916417,6040200388109055
5903,5903,34845409,34857215,411384880945,137046415103,6071012328248209
5923,5923,35617267,105998545,444778205671,1265225341753,6925020315120487
5927,5927,35129329,35141183,416423048185,-28043476033,6170348463757609
5939,5939,35271721,105803285,418957484221,1810290767669,6220471194034021
5953,5953,36188287,-27711215,436291532815,-1876998053567,6578207968477087
5981,5981,35760399,35784323,427762025451,152738178611,6396458958513939
5987,5987,35844169,107520533,429198061645,2076495104117,6424021933875349
6007,6007,35615503,36048007,425327755471,114887954167,6382488622938943
6011,6011,36132121,108384341,434380340629,1754047014101,6527650514574061
6029,6029,36336783,36360899,438013002363,398594258099,6599521334883843
6037,6037,37350919,36409147,447970355875,269291859667,6643063927668979
6043,6043,37460557,148228747,448781406853,2702793060163,6669780623246797
6047,6047,36566209,36578303,442231713505,381474759167,6685437874032289
6053,6053,36626703,36650915,443392155459,145418186003,6709848752483643
6067,6067,37170775,225439993,450196810435,5048470421137,6863491518926995
6073,6073,36735577,80825557,440771795545,808509741733,6591903906505177
6079,6079,36917767,36917767,458329663951,48280750279,7114062326646127
6089,6089,37063743,111215585,451328858703,1873142757569,6870093516048063
6091,6091,37136827,45944413,442455191983,304434820141,6583520750941207
6101,6101,37209999,37234403,453942260691,-219329052589,6922198481206059
6113,6113,37356543,112094081,456638448279,2280406241153,6977266030796343
6121,6121,36926155,172725103,447393178135,4118805544591,6717833402257135
6131,6131,37589161,112755221,460918273789,2302986984341,7064724785086501
6133,6133,37944871,37576891,466093874083,-7867265357,7086548785057651
6143,6143,37736449,37748735,463629993985,254337897983,7120197575989249
6151,6151,36912151,37797895,446108809975,-56324930969,6748933048460311
6163,6163,38463283,77992765,477742675951,1308555669373,7443018439379623
6173,6173,38093583,38118275,470302125099,372722474483,7258381324063443
6197,6197,38390415,38415203,475750412019,372955730387,7369729706969355
6199,6199,37460557,79155031,457337244229,927461092159,6984474980946637
6203,6203,38477209,115419221,477348236245,2237136954293,7402477715822509
6211,6211,38425897,216160327,476480010313,5423991790951,7446177898072057
6217,6217,37793143,140112529,473732331823,2843975456737,7420626744555583
6221,6221,38688399,38713283,481355078331,-15566242189,7486626470218179
6229,6229,39446209,104264443,489627711037,2890008131059,7607706824559709
6247,6247,41862205,74035423,550320557365,2516561308207,8842437418822165
6257,6257,39137535,117437633,489612091719,2345622664577,7655852532422535
6263,6263,39225169,39237695,491334448105,487288211903,7693069062334969
6269,6269,39287823,39312899,492540834123,-24778404301,7718744648671923
6271,6271,39137311,39287815,491282838775,-50731313609,7698990731500711
6277,6277,38421517,120298705,476518741837,2299289395897,7387819587305317
6287,6287,39526369,39538943,497004544945,-366128216833,7811668875852049
6299,6299,39677401,119019605,499855878901,1947187892789,7871480393445901
6301,-12602,36979996,-265816070,462815158084,-5984501429462,7333372486294516
6311,6311,39828721,39841343,502718097529,496858725311,7931634723989161
6317,6317,39891855,39917123,503907744219,474060218867,7956567210551715
6323,6323,39980329,119928341,505591221565,2388507628853,7992133174886629
6329,6329,40043583,120156065,506749375263,2024487362369,8015840290549743
6337,6337,38281789,142655473,464839024141,2754753008977,7074153084806029
6343,6343,40385881,110907355,508492525705,1900436944483,7981824410756401
6353,6353,40347903,121069121,512586304359,2532421176833,8140016375997543
6359,6359,40436881,40449599,514276233481,279816100799,8175706361077081
6361,6361,41416471,95726689,531976738591,1827720543841,8515523616997951
6367,6367,40385881,-24901337,510912981337,-1955592435833,8089776800899801
6373,6373,40318057,73074925,507950718553,1788614337133,7952114324654857
6379,6379,39696517,109699663,506659315165,1634695378399,8159835710076637
6389,6389,40806543,40832099,521425527603,503542588499,8328980488437963
6397,6397,40077205,13747153,514667138341,199621330417,8302169583546805
6421,6421,40420195,41190715,505829982775,524137078411,7880392499249215
6427,-12854,40262188,-156496490,510117277300,-3173802597914,8143677641048788
6449,6449,41576703,124755905,536094955143,2474810979329,8640085570592583
6451,6451,42583051,17540269,555488159095,-261961891139,9034725643214671
6469,6469,40877611,-70518569,521656179367,-2718675166481,8368944088441591
6473,6473,41886783,125686241,542235470799,2585089133633,8774570031175743
6481,6481,38764099,179174377,468516074923,3248628462361,7146283733829739
6491,6491,42133081,126386261,546971638069,2420483196341,8875982193532621
6521,6521,42510399,127557281,554262900831,2764661164481,9032826124968879
6529,6529,43489669,189060253,573375971509,4364979093109,9445069916964829
6547,6547,43531003,115102807,566115220723,1706667121927,9169453540104163
6551,6551,42915601,42928703,562280184649,542118578111,9208743659682841
6553,6553,43621921,44345755,578327594293,-26537490917,9651019683414061
6563,6563,43072969,129205781,565375771405,2735280352373,9276402904685269
6569,6569,43138623,129442145,566599907823,2801866379969,9301983236149023
6571,6571,42663979,21155149,568150973983,446234043781,9406059360801679
6577,6577,42270379,103988947,550231441015,1091985312547,9006710501462239
6581,6581,43296399,43322723,569825736051,570063534611,9374673208908939
6599,6599,43546801,43559999,574730659801,38750654399,9481618994713801
6607,6607,45006787,16213933,591101517583,-719886399443,9596721055869847
6619,6619,42818311,98259055,563633405959,1606048644439,9241020384926191
6637,6637,43014397,-44832935,557186546509,-1950382346903,9080184091020877
6653,6653,44249103,44275715,588774259659,479972641523,9793276986926643
6659,6659,44342281,133013525,590550478381,2116164615509,9831189022300981
6661,-13322,41933056,-68660648,532415774932,-1005772262072,8550244225153756
6673,6673,43447903,153912745,576392091295,3733423764793,9637185503511343
6679,46753,44885965,548452693,617534882125,8416595939773,10482270966914005
6689,6689,44729343,134214785,598239753303,2348144025089,10001165629299063
6691,6691,43886269,140999443,586501632373,2928819836971,9773514554776909
6701,6701,44889999,44916803,601543462491,601340442611,10076263270484259
6703,6703,45573697,158224315,615232971457,3520893436003,10384566390727897
6709,6709,44205601,-34692239,592657450945,-2056932875591,9912182665205881
6719,6719,45144961,45158399,606657965761,605851699199,10190337112119361
6733,6733,48365083,-3331637,650263963663,-1216869592517,10771401130694983
6737,6737,45373695,136148033,611272409319,2702357842817,10293780342822375
6761,6761,45697599,137119841,617777035311,2903095249601,10439142390481119
6763,6763,46062793,189019087,632782712281,3804810505543,10847350236037633
6779,6779,45954841,137850965,623055713941,3114615014069,10559236643048941
6781,6781,46022647,-75465749,631607930611,-3205187257229,10801723229443027
6791,6791,46117681,46131263,626370322969,-375815834689,10634202088995721
6793,6793,47204557,198009157,647793072445,3829622074813,11045205116632837
6803,6803,46280809,138828821,629696666845,2747202637493,10709565991911109
6823,6823,43731271,-53624357,575382591199,-1236917836637,9499300829549911
6827,6827,46607929,139810133,636384642085,2973090987797,10861494808839709
6829,6829,47454721,93345601,651986887153,1538366478049,11145311435563921
6833,6833,46676223,140056001,637853914119,3170455702913,10896219559583943
6841,6841,49804399,146226367,693118870651,2556862609951,11878925692736899
6857,6857,47004735,141041633,644621546319,3078455916737,11051036745305535
6863,6863,47100769,47114495,646505134705,451763844863,11092411778015569
6869,6869,47169423,47196899,648010829523,454365604499,11128549597038123
6871,6871,46798381,44118691,631844318101,804167934211,10657843495304101
6883,6883,46301941,230367127,622060754317,4787551862983,10484196084476221
6899,6899,47596201,142774805,656732360701,2976855519029,11326991319761701
6907,6907,48535489,120188707,679561074193,2656668829987,11844393103150369
6911,6911,47761921,47775743,660165251329,507543846911,11406005058159361
6917,6917,47831055,47858723,661570917219,-299666636653,11437877902591515
6947,6947,48260809,144768533,670535659405,3008826222677,11645527992290389
6949,6949,44665183,-127123505,589329773947,-3091989109841,9746930611720963
6959,6959,48427681,48441599,674016443281,400619615999,11726200999304881
6961,6961,48330223,69839713,671918817199,-418248434639,11620660561196383
6967,-13934,47797672,-50613992,660933302956,1371884313856,11400895701741772
6971,6971,48594841,145770581,677509252309,3385241063381,11807292421687981
6977,6977,48664575,146021633,679026894519,3393695414657,11843664078748695
6983,6983,48762289,48776255,681014107225,-153655880257,11888803703702089
6991,6991,50048569,137589871,695254327801,2905279296031,12039522187693369
6997,6997,50091523,48916027,713465847895,-279320278133,12620250383462623
7001,7001,48999999,147028001,686015118591,2689011576641,12005635806764559
7013,7013,49168143,49196195,689466715779,618305289683,12084699309160443
7019,7019,49266361,147785045,691601154661,2605775330069,12135871187479261
7027,7027,48535489,96558007,676828237345,1631770354927,11923912063503049
7039,7039,48552607,76488949,671372428123,2515625880229,11633246732320147
7043,7043,49603849,148797461,698719795885,3053163537653,12302708731604149
7057,-14114,48033292,-60818732,658002251536,125634695836,11338424506507312
7069,7069,50013175,139676371,696279304627,3490061323339,12089236967682355
7079,7079,50112241,50126399,709489086841,631179787199,12556183039164841
7103,7103,50452609,50466815,716729742145,690786645503,12727328320425409
7109,7109,50523663,50552099,718316453283,327198201299,12766276922083803
7121,7121,50694399,152111681,721985021031,2775858664961,12853746100165479
7127,7127,50794129,50808383,724019493385,692351851967,12900217247160409
7129,7129,50710123,285463693,743734318555,8967329161309,13643843272129243
7151,7151,51136801,51151103,731358506449,724749280511,13074861622301041
7159,7159,50048569,-107893289,709062517849,-4178534708681,12639618854797129
7177,7177,52715065,148140457,763383387481,3229160584537,13742407112946985
7187,7187,51652969,154944533,742459754845,3212652180917,13340145567662149
7193,7193,51724863,155203361,744101112639,3458387789633,13381221641992143
7207,7207,53021899,102404263,771569002339,2433221162767,13926166688338699
7211,7211,51998521,155981141,749922648229,3367891427861,13519230462914461
7213,7213,50858863,51984091,721164786115,675196090963,12858637215133603
7219,7219,52877017,315540703,767462633065,8692465543399,13789219563400897
7229,7229,52243983,52272899,755134913163,347018248499,13642654023888243
7237,7237,50624479,271538497,704017462087,5052904798177,12293762357474839
7243,7243,53677873,229378567,784002622129,6465327521023,14199979946395513
7247,7247,52519009,52533503,761210494705,355388828927,13791231059003089
7253,7253,52591503,52620515,762738808659,-536828249197,13827227490416043
7283,7283,53042089,159111701,772611046525,3643302622613,14067315550004389
7297,7297,53465119,255913087,795591168331,6234804007327,14726327939692579
7307,7307,53392249,160162133,780274304965,2987488805237,14253660785823229
7309,7309,50394997,-141002639,712402355629,-6491451691511,12747082851263557
7321,7321,54783043,184408669,815524427587,4738186142701,15114712029933763
7331,7331,53743561,161216021,787988069389,3338346728021,14441851261074901
7333,7333,52496947,53728891,769017395575,-74792051237,14239796634203887
7349,7349,53993103,54022499,793441814643,140493412499,14574476332185483
7351,7351,55139851,-74972849,810744414307,-4083235088489,14824719722156971
7369,7369,55142227,194460541,819187073155,4651748691469,15168853170562627
7393,7393,53503141,189327337,782235264085,4397301270433,14287933864045981
7411,7411,53677873,98277271,778254211057,562055620591,14119219030781113
7417,7417,56129437,303044977,833078226061,7235890701337,15271775491583557
7433,7433,55234623,165733601,821104706319,4102417502273,15258656657522943
7451,7451,55517401,166537301,827320287349,3955925088341,15410908569280141
7457,7457,55591935,166805633,829031020119,3945761193857,15454289376994935
7459,7459,56621269,159689731,852581832829,4032433796059,15990364179387589
7477,7477,55591495,-24980657,830590447891,-2162905982513,15491807688973195
7481,7481,55950399,167881121,836935579551,3696213983681,15648538334205039
7487,7487,56055169,56070143,839370078145,601185742847,15710909353558849
7489,7489,56721655,234143713,843036519223,5965641146089,15553133415183295
7499,7499,56235001,168690005,843412522501,3711407712149,15811876181197501
7507,7507,59686615,87267079,910659379519,5017790520127,16971426379831735
7517,7517,56490255,56520323,849062768619,783311924147,15951291708068115
7523,7523,56595529,169771541,851536306765,3231948740213,16015269004551829
7529,7529,56670783,170042465,853273666863,4170432065729,16059621751013343
7537,7537,56399371,148607029,851638833571,3569522493157,16148331253709731
7541,7541,56851599,56881763,857409966771,839989509011,16164497318855499
7547,7547,56957209,170856533,859712090005,4292358898997,16220617772695789
7549,7549,58165045,-70741679,892448656933,-4171616402831,17086398138919045
7559,7559,57138481,57153599,863819533081,487921060799,16324029540652681
7561,7561,57770623,237025549,880787487727,8486016302701,16720364395198783
7573,7573,56032627,154269583,843809733583,2783280621943,16031861305570207
7577,7577,57395775,172217633,869774038719,3969555453377,16476524526146895
7583,7583,57501889,57517055,872073625825,831816282623,16532335675286689
7589,7589,57577743,57608099,873911995203,871587474899,16581090625525563
7591,7591,56621269,-79697909,860410176781,-3110969168549,16355299801469389
7603,7603,59082913,75186067,898392460273,1748933013763,16960994493449953
7607,7607,57866449,57881663,880380132265,-399479771713,16742629078511929
7621,7621,59131339,141072331,916079688823,2174834405611,17648860993148719
7639,7639,57025135,58308487,860584141711,485878127479,16211993364030655
7643,7643,58415449,175231061,892938530485,2935893598133,17061822883580749
7649,7649,58491903,175506305,894798881943,3236353099649,17111412777724983
7669,7669,57709351,-296651807,873812946511,-11174013182591,16678198997001631
7673,7673,58859583,176609441,903110053599,4285938002753,17320808281424943
7681,7681,58905589,224907361,911099629573,5255608444921,17615501998683229
7687,7687,59921155,-243191717,929944262395,-8985554938133,17895749626697995
7691,7691,59151481,177439061,909868057669,3374439409301,17494487990065021
7699,7699,58396915,227882701,891756977263,5938042954669,17184241305028615
7703,7703,59336209,59351615,914133612745,836801855423,17603927958394009
7717,7717,58764955,227489443,886086006631,4944585691027,16693234403703535
7723,54061,60217969,929971423,916701173197,18234619410991,17201152150173829
7727,7727,59706529,59721983,922704675985,824718789887,17824347488741809
7741,54187,59860561,764030161,918765699613,12773441800057,17512137094890061
7753,7753,60527671,243017785,943888975951,6098929206073,18374280113803951
7757,7757,60155535,60186563,933054981819,900483686387,18089827490231235
7759,7759,59560147,-90673937,924238916083,-1538178039521,17953800459126067
7789,7789,61696669,108337201,967566288301,1236249520129,18910248252817069
7793,7793,60715263,182176961,946071213639,3989330847233,18426318620145543
7817,7817,61089855,183300833,955078207119,4098800495297,18665555704422015
7823,7823,61199329,61214975,957524678065,691060671743,18726788799418129
7829,7829,61277583,61308899,959452358163,-163210920301,18778963714500843
7841,7841,61465599,184428161,963817344471,4730332288001,18891829143057399
7853,7853,61653903,61685315,968331114459,-101382614797,19011589949607843
7867,-15734,63338080,-352820168,1001519855476,-8938791964544,19654711215246820
7873,7873,61464511,375266545,964525028239,9399547246273,18978301780890751
7877,7877,62031375,62062883,977204435619,967537510547,19243532998373595
7879,7879,63449587,133698751,1019335705339,3001189099879,20366556582666787
7883,7883,62141689,186409301,979725845125,4515392734613,19307946999548989
7901,7901,62409999,62441603,986031222891,-146812344589,19472823920781459
7907,7907,62520649,187546133,988701519565,4022682383477,19544157194180629
7919,7919,62710561,62726399,993209841361,-213408172801,19663071740238961
7927,7927,63741007,62789767,1023425996815,239462021527,20458718900749567
7933,7933,62266117,172027105,985565787685,2930393038393,19492870170925837
7937,7937,62980095,188972033,999496048119,4917744889217,19826556582799575
7949,7949,63170703,63202499,1004166856443,1004279450099,19952945122961283
7951,7951,64601875,26723311,1027004757691,-114963428969,20372900843985955
7963,7963,64603819,66371605,1044880883407,-95726497547,20999107348967719
7993,7993,67494493,263587969,1097892641269,5422421198593,22005903808215253
8009,8009,64128063,192416225,1027037343183,4329112787009,20560230854346303
8011,-16022,60634012,27586954,903658524028,3269405511778,16967299228322212
8017,8017,64945717,141908917,1062563061541,3623544216397,21619883610452557
8039,8039,64625521,64641599,1039049102521,468590423999,20882289240937321
8053,8053,66252031,214008475,1075513563643,3906469869283,21814804679084011
8059,8059,65189251,431180677,1045370839831,12097285212949,20943955014454831
8069,8069,65092623,65124899,1050464145123,1029317716499,21191522196717723
8081,8081,65286399,195891521,1055069680551,5272718686721,21313581166694439
8087,8087,65399569,65415743,1057772604745,1043740252607,21385517538292249
8089,8089,65237785,133282453,1054406182873,662665698469,21358849922715385
8093,8093,65480463,65512835,1059752045739,-491832077197,21439244244905043
8101,-16202,68348704,-299166002,1135393797184,-5132536158362,23388953051446264
8111,8111,65788321,65804543,1067218118929,1059760557311,21640515307859761
8117,8117,65869455,65901923,1069086005619,1061079491987,21688715839755915
8123,8123,65983129,197933141,1071961889365,5098628645813,21768865969264429
8147,8147,66373609,199104533,1081491560605,5131301192597,22027279261021189
8161,8161,65377771,284451655,1047259313095,6501882235951,21042362872761031
8167,8167,67826935,66650887,1114797468247,5865604567,22764021593906695
8171,8171,66765241,200279381,1091077543909,4607852019221,22287986428012381
8179,8179,66356227,271092955,1078180325179,6073681332259,21875310364334467
8191,57337,67195381,675886753,1095207275653,13649245768057,22372936588422541
8209,8209,66781297,446454307,1102889155285,12409804755379,22947646008683197
8219,8219,67551961,202639445,1110419110261,5228237001269,22816336566718861
8221,8221,66598321,40948801,1090634365393,532961618041,22373303981948281
8231,8231,67749361,67765823,1115289956089,1110571634111,22949878969756201
8233,8233,66399145,136247917,1084880890057,2955134140093,22326593435722585
8237,8237,67831695,67864643,1117287446619,-564035238733,23003904386717475
8243,8243,67947049,203824661,1120175025085,5536701688853,23084006727477349
8263,8263,67945177,3030229,1125601775461,-408486468707,23579842125367477
8269,8269,69666325,-6044639,1162606728613,-2708556471071,24160865306395285
8273,8273,68425983,205311041,1131968064999,5588184497153,23407032595629543
8287,8287,69022423,68624647,1161818580223,-961372076393,24347557310404303
8291,8291,68740681,206205461,1139857947469,4920579085781,23626405503011221
8293,8293,69569977,-5266055,1168908156025,-1705463615087,24485872391729137
8297,8297,68823615,206504033,1141785801519,4602323008577,23676699440018655
8311,8311,67826071,-133632569,1100083861111,-6175115973449,22375426188887431
8317,-16634,67324612,-288355040,1109281152688,-6455158222784,23134559077684072
8329,8329,70021903,254825755,1181642471179,5860821052819,24912811050867163
8353,-16706,70793500,-54472274,1174584414508,282505417654,24358091078157220
8363,8363,69939769,209802581,1169812551205,4442892849173,24457855809367069
8369,8369,70023423,210103745,1171849308423,4637513978369,24513251390849223
8377,8377,69018103,53085049,1156730049343,-1437121728983,24269425421604463
8387,8387,70341769,211008533,1179912808045,5833671708917,24739821697128949
8389,58723,68696869,854745193,1150083369385,14694630623473,24226890918582169
8419,8419,72344467,77648437,1231874722591,293470173349,26121825103214407
8423,8423,70946929,70963775,1195171940665,-537559557697,25167333034090729
8429,8429,71031183,71064899,1197396625563,284590274099,25231950494051043
8431,8431,69766525,-93575669,1170449518021,-7307594765189,24640798643575285
8443,8443,70215355,260854723,1192901430043,8391051077563,25434389408746195
8447,8447,71351809,71368703,1205417435905,1006276927487,25455402595653889
8461,8461,74807893,29419813,1261548107245,-2974610981699,26395576637883733
8467,8467,72502921,255034507,1227421999465,9556471635067,25925755005921001
8501,8501,72249999,72284003,1228370427891,1154367035411,26106456129038859
8513,8513,72454143,217396481,1233320964279,6081232273793,26240947665041943
8521,8521,72096181,214328713,1231348673029,5465578154401,26506885007174221
8527,8527,71277193,115532323,1199450582905,1618705711387,25163948842146673
8537,8537,72863295,218624033,1243810270719,5239194129857,26539567918978575
8539,8539,73580563,288251023,1242423688795,8342378891119,26076187343625403
8543,8543,72982849,72999935,1246984932385,367109804543,26632480583895649
8563,8563,72502921,216207187,1234731877609,4508955309043,26295445095567721
8573,8573,73479183,73513475,1259778983499,1239859760243,26998620723768243
8581,8581,74148421,-120983519,1279097151973,-5345895315239,27540694202874301
8597,8597,73891215,73925603,1270275564819,287896946387,27296350652722155
8599,8599,73891207,162942451,1261976040535,4750708900699,26834085216541087
8609,8609,74097663,222327425,1275743277783,6231988991489,27456343718253303
8623,8623,74021509,470039905,1280707754401,14551353973873,27749038381708969
8627,8627,74425129,223258133,1284131149885,6300161370677,27695498463463909
8629,8629,75753991,74407867,1314552077731,1071127973779,28272436756387651
8641,8641,73536841,214110847,1249131034045,5801250209671,26426965606265341
8647,8647,76378951,-54259925,1335316926679,-3301342411373,29145420212035711
8663,8663,75047569,75064895,1300274154505,70928147903,28160687388577369
8669,8669,75134223,75168899,1302543452523,-793980957901,28226619792811923
8677,8677,72129367,12731113,1220401486495,-2247482166263,25819178467298527
8681,8681,75342399,226061921,1307846264751,4343485925441,28377293347539039
8689,8689,74299639,230493103,1281380087491,5640886781839,27661714437588859
8693,8693,75550863,75585635,1313511833139,1155202955603,28546739711069643
8699,8699,75672601,227000405,1316551886101,6559577256629,28631712029429101
8707,8707,74192347,112903669,1279610228023,2379360512437,27717116534434687
8713,60991,76409797,853648075,1359342012517,17160017810971,30128946678564517
8719,8719,74503855,75968647,1286425751671,256464643399,27831987339446935
8731,8731,77341069,345177919,1368604956637,9249432712471,30298033689905989
8737,8737,75181885,264739837,1300200134125,7025440720357,28271579141266885
8741,8741,76387599,76422563,1335351999171,-221681628589,29180402526816699
8747,8747,76510009,229512533,1338466071205,5695019423477,29268906697266589
8753,8753,76597503,229827521,1340648538759,6509835087233,29329893198326343
8761,8761,75966631,370493929,1320725923375,11769347869801,28735641938891791
8779,8779,77966299,-35967563,1376862234415,-4276951976171,30220235403496519
8783,8783,77141089,77158655,1355060343025,947002040063,29753737366215889
8803,8803,74040589,212491243,1252653040405,8623593280603,26946193969847989
8807,8807,77563249,77580863,1366199041465,1361703473087,30080287279066729
8819,8819,77774761,233306645,1371791208061,6857380578869,30244566543018661
8821,8821,83063233,27656335,1469780538157,-956019256289,32143260898961893
8831,8831,77986561,78004223,1377398613889,314338394111,30409517781110401
8837,8837,78074895,78110243,1379583438819,1012734259667,30470170129227675
8839,8839,76843531,336839779,1326143380627,10046491237819,28524746458990891
8849,8849,78287103,234896705,1385524485543,4896781049729,30652631429516583
8861,8861,78499599,78535043,1390859332011,1382939380211,30802771944891219
8863,8863,80201287,78499591,1436620695823,327025889143,31920023141687647
8867,8867,78623689,235853333,1394312474125,6962089541717,30908421652186069
8887,8887,78445549,77219143,1385708843173,1496548229887,30640309513303309
8893,-17786,81637564,246052252,1461260957488,9735186639964,32869756020645064
8923,8923,79566391,340938907,1415873131015,9918189346843,31577171188877431
8929,62503,82105753,940354363,1490347885273,19469328491803,33613601565033433
8933,8933,79780623,79816355,1425279042819,1423804347923,31828920366808443
8941,8941,78493039,79887835,1381376607907,1715030958931,30444899191822099
8951,8951,80120401,80138303,1434315391849,609448178111,32096392560875641
8963,8963,80335369,240988181,1440091797805,4765263480053,32268856838767669
8969,8969,80425023,241310945,1442494046223,6133333344449,32340429392929023
8971,8971,81663013,302511091,1463046721837,8692225528411,32733029783580853
8999,8999,80982001,80999999,1457514027001,213897239999,32790421700937001
9001,9001,84169495,36860365,1508690682847,-2602773288899,33536309530955455
9007,9007,81504343,61833055,1469301903223,1048520637487,32973601722441943
9011,9011,81198121,243576341,1463352509629,6906768500021,32965673538825061
9013,9013,80098531,81180091,1445602762039,1562672841883,32515573119270031
9029,9029,81504783,81540899,1471487830563,-172180944301,33206344349303643
9041,9041,81721599,245200961,1477365277671,7382587680641,33383353573575399
9043,9043,83132299,443242645,1516111010551,14572883954293,34441540536644479
9049,9049,82264459,268710055,1480858896967,7624174352239,33226276789636759
9059,9059,82065481,246178325,1486862357581,7285478904149,33673715120172181
9067,9067,83788147,453776149,1539298397239,14635025226277,35339791883539567
9091,9091,84869119,278060635,1559762777359,10327202753851,35571283732545679
9103,9103,81663013,113833015,1474676997133,1041961877263,33402977237001733
9109,-18218,82930432,-405650150,1480744271536,-13387906459238,32954727183265792
9127,9127,81025903,216513361,1471428270739,5897562267097,33853602309660163
9133,9133,85110427,83356891,1590223133575,371423666923,36874063359769807
9137,9137,83466495,250436033,1525263130119,7155935405057,34842234291167175
9151,9151,83466271,-129569009,1522918067695,-8304466462289,34710689484883471
9157,9157,82092505,216370753,1496331850921,4918951364977,34092155714820985
9161,9161,83905599,251753441,1537206463311,7593285774401,35203820838166719
9173,9173,84125583,84162275,1543359097299,171475576403,35394342877664043
9181,9181,87678757,-250602119,1621634753269,-9803777212439,37246715666804917
9187,9187,83133163,64005829,1500041720071,-1878665599163,33851123057194543
9199,9199,83450179,59441869,1526687968447,2544714845749,35034197311468639
9203,9203,84695209,254067221,1558899989245,6012375771413,35866391375465509
9209,9209,84787263,254398625,1561560201183,6288363817409,35950919018515503
9221,9221,85008399,85045283,1567413061731,1565032297811,36124294505463579
9227,9227,85137529,255394133,1571127932485,7820201671157,36241993454845309
9239,9239,85359121,85377599,1577265810121,1236751396799,36430896921184921
9241,9241,83843593,276684781,1534954347625,7660515686941,35284322788691833
9257,9257,85673535,257057633,1586138731119,7313989404737,36708119363026335
9277,9277,86452363,86007067,1601329127239,-1713271787093,37147797377408143
9281,9281,86118399,258392321,1598222112951,7043566228481,37074355998927639
9283,9283,87789331,282843727,1666307495227,9314259253183,39410902052838331
9293,9293,86341263,86378435,1604712369339,-937969709197,37282229104904643
9311,9311,86694721,86713343,1614429066529,1013833830911,37579872466040161
9319,9319,87794299,201747031,1644614035411,4949339844079,38378688028026379
9323,9323,86918329,260736341,1620679134565,7547907055733,37773978798449629
9337,9337,85386865,313732537,1568478110353,9555460655257,35971731184265425
9341,9341,87235599,87272963,1629631024971,-1299166166989,38054175016798899
9343,9343,87428035,393312997,1622819842183,12886977520333,37630799917367095
9349,9349,89198809,100866361,1692830323417,2035427605489,40011335295878449
9371,9371,87815641,263428181,1645840715509,7862866785461,38557933230816781
9377,9377,87909375,263765633,1648613826519,8211717968897,38648012845883895
9391,9391,89993953,-88453829,1708021998337,-4634421852509,40450662691455913
9397,9397,89172829,27271441,1723019119237,1175251522177,41426414438927509
9403,9403,89149843,271323565,1703962059175,7548543649933,40762088781271183
9413,9413,88585743,88623395,1667361353379,1655172798803,39227192336730843
9419,9419,88717561,266133845,1671261385861,8162715170549,39354027350438461
9421,9421,89716183,96386251,1691775498163,658675641331,39852024316076323
9431,9431,88943761,88962623,1677657191689,1283720190911,39554962303584601
9433,9433,89304139,116654959,1684039417759,-238260177737,39610199530429759
9437,9437,89038095,89075843,1680301914219,689142124787,39637496585968275
9439,9439,90170767,89038087,1708633517671,1556320473079,40274470945995607
9461,9461,89491599,89529443,1693090325811,445535056211,40038582397321419
9463,9463,90854263,89491591,1721973640615,-1050880521017,40472089488566023
9467,9467,89624089,268853333,1696942472725,7629960752597,40162385838735469
9473,9473,89718783,269194241,1699462718199,6666433541633,40237644110153943
9479,9479,89851441,89870399,1703403590041,899791051199,40366406440172041
9491,9491,90079081,270218261,1709881087069,6887474351381,40571203358263621
9497,9497,90174015,270560033,1712748320319,7977301086017,40666078500891855
9511,9511,92228167,90402055,1779885810343,-253198257689,42627397990815847
9521,9521,90630399,271929281,1725624209031,8626160826881,41070570478859079
9533,9533,90859023,90897155,1732256795019,1701304471283,41283697010467443
9539,9539,90992521,272958485,1735955287021,8569700915669,41398193570696821
9547,9547,92577259,361458967,1763841788611,11146717917127,41838502860771619
9551,9551,91221601,91240703,1742514993649,1636977990911,41606901623973841
9587,9587,91910569,275712533,1762293221245,7512696770837,42237762642275749
9601,9601,93331321,320990233,1798980540025,8716419968041,43362942801042601
9613,9613,89177923,528903487,1698408631207,14716861284583,41096366105380903
9619,9619,92409733,392233963,1768423744717,13612231970659,42437604833686453
9623,9623,92602129,92621375,1782220545865,1432139135423,42875770643195929
9629,9629,92698383,92736899,1784818401963,471493912499,42954456971829843
9631,-19262,90761152,-670352516,1728128229244,-19572703965932,41424566775804892
9643,9643,93623887,266040727,1811487356095,6828872414383,43790192755178407
9649,-19298,93708796,-873392750,1830025203100,-31218947845718,44724096004642516
9661,9661,95131867,-72737669,1854787402087,-2340470494709,45002446865625007
9677,9677,93624975,93663683,1811762057019,415375847987,43824206059113795
9679,9679,94496077,265291711,1813817760133,7138100126359,43382860028053837
9689,9689,93857343,281610785,1818557951103,9077827578689,44044730699077263
9697,9697,95486359,400010947,1855397760595,15097701763387,45014007267888499
9719,9719,94458961,94478399,1836093254761,1352885975999,44612475715818361
9721,68047,97863205,1315643527,1925911639861,33282165317287,47179005842850085
9733,9733,94964881,400269625,1849930758097,14978076901633,45051946725190681
9739,68173,97576897,669092491,1962618182917,8191075946323,49055627516200597
9743,9743,94926049,94945535,1849728961585,355833855743,45054773039368849
9749,9749,95023503,95062499,1852713501843,-13651027501,45155245346008683
9767,9767,95394289,95413823,1863432012025,-371345627713,45500351010480169
9769,9769,97250395,416345011,1927205214919,11247184642339,47503621023473215
9781,9781,94318183,95609275,1817752923811,-304812902189,43698584012395123
9787,9787,93964987,341830549,1814794611487,14552069934517,44015739099056887
9791,9791,95863681,95883263,1877202571969,-775193407489,45949225811526721
9803,9803,96098809,288276821,1884113219845,8078055013013,46174904591154109
9811,68677,94098217,1842079987,1857123692053,51965618172547,45591754596942637
9817,9817,97846039,-15540311,1923615140671,-4618015064903,47178381323452879
9829,9829,92185183,-151507295,1823532077287,-11444556701951,45610479643402423
9833,9833,96668223,290044001,1900875887919,9467561284673,46723253062853343
9839,9839,96805921,96825599,1904946883921,1542348268799,46856930831988721
9851,9851,97042201,291106901,1911925414549,8057729781941,47085943001192941
9857,9857,97140735,291461633,1914889139319,9436565051777,47184627771560535
9859,9859,98560423,427456663,1963914821095,15359303583919,48836557503073663
9871,9871,96252121,53905531,1883911848361,416102453731,46263907782141601
9883,9883,97403329,659904697,1912462286941,21785464787113,47210236523901109
9887,9887,97752769,97772543,1932963224545,1435929358847,47778018356012449
9901,9901,99991639,259897123,2001507491827,4789131279931,49964646520179379
9907,9907,99099721,437503027,1973421328201,13896136959427,49130301687308761
9923,9923,98465929,295377941,1954154797165,6859562618453,48477694982922229
9929,9929,98565183,295735265,1957225616463,9768793211969,48582349213534143
9931,9931,100352755,554934349,2009811359671,16115677722061,50065760012184895
9941,9941,98803599,98843363,1964413045971,-672392628589,48822537118240299
9949,9949,98863213,-19211519,1964296881421,-3861397051991,48966242263556293
9967,9967,99998911,-54768665,1980033704815,-3543166895993,48936286201257151
9973,-19946,99209740,-438997958,1993020060724,-14617300029206,50078640141379540
10007,10007,100140049,100160063,2004202910665,-88193282113,50140146167301529
