3,0,2,0,2,0,2
5,0,14,6,50,30,194
7,0,34,0,514,0,8194
11,0,98,0,1538,0,24578
13,0,142,-186,4018,-7650,140482
17,0,254,390,7922,15390,280514
19,0,322,0,11266,0,573442
23,0,482,0,26114,0,1597442
29,0,782,198,45746,69150,3560642
31,0,898,0,51202,0,3178498
37,0,1294,2310,95794,337950,8560834
41,0,1598,-2874,113522,-422370,9840578
43,0,1762,0,163330,0,20111362
47,0,2114,0,199682,0,22659074
53,0,2702,2694,266546,168990,35709122
59,0,3362,0,403970,0,55418882
61,0,3598,-6714,473266,-1681890,75797698
67,0,4354,0,561154,0,90570754
71,0,4898,0,741890,0,142811138
73,0,5182,1734,688498,1052190,111335362
79,0,6082,0,1037314,0,227164162
83,0,6722,0,1047554,0,191938562
89,0,7742,-9402,1347698,-2772450,317108162
97,0,9214,-1530,1909234,-3563490,475262914
101,0,9998,19206,2007602,6420510,524181698
103,0,10402,0,2169346,0,558080002
107,0,11234,0,2280962,0,613343234
109,0,11662,9798,2441650,7272990,613557442
113,0,12542,-24186,2863346,-12211170,784021442
127,0,15874,0,3694594,0,1063780354
131,0,16898,0,4325378,0,1399259138
137,0,18494,7110,5383538,11404830,1953028034
139,0,19042,0,5441026,0,1863802882
149,0,21902,-33402,6329138,-26588130,2328035522
151,0,22498,0,6718978,0,2567069698
157,0,24334,-19770,7518898,-10928610,2782500034
163,0,26242,0,8665090,0,3462103042
167,0,27554,0,9693698,0,4427784194
173,0,29582,49734,9526706,23984670,3797050562
179,0,31682,0,10847234,0,4595466242
181,0,32398,-63354,12286258,-26680290,5932458178
191,0,36098,0,14512130,0,7087128578
193,0,36862,-37626,14220274,-34129890,6928072642
197,0,38414,75270,15664178,54620190,7769702594
199,0,39202,0,15544834,0,7538155522
211,0,44098,0,18947074,0,10368106498
223,0,49282,0,21198850,0,11412930562
227,0,51074,0,23930882,0,14372339714
229,0,51982,91398,24078898,86599710,13958586562
233,0,53822,-63546,25233266,-43461090,15026857922
239,0,56642,0,25918466,0,14003650562
241,0,57598,59526,27103474,67138590,16446904258
251,0,62498,0,30030338,0,18148663298
257,0,65534,129030,33550322,179159070,21876146114
263,0,68642,0,35160578,0,22189056002
269,0,71822,-124602,37670834,-193359330,25930687682
271,0,72898,0,40027138,0,28245180418
277,0,76174,-99450,39975730,-55403490,25235701954
281,0,78398,56646,44254322,80478750,30558883778
283,0,79522,0,46559746,0,32963502082
293,0,85262,154374,51033650,91330590,37495922882
307,0,93634,0,55903234,0,41258074114
311,0,96098,0,60501506,0,46023499778
313,0,97342,-192186,60349042,-238947810,47001944002
317,0,99854,-177210,65788082,-156326370,54205732034
331,0,108898,0,71710210,0,58479435778
337,0,112894,-103290,75449074,-208419810,63210571714
347,0,119714,0,85983746,0,79844155394
349,0,121102,115398,88518322,254369310,78451463362
353,0,123902,-45306,86043122,-90163170,74760884162
359,0,128162,0,90855938,0,79703285762
367,0,133954,0,99408898,0,88936988674
373,0,138382,25734,99724594,38937630,92816089282
379,0,142882,0,104258050,0,97066065922
383,0,145922,0,106586114,0,96638730242
389,0,150542,-158202,118069298,-449310690,113710153922
397,0,156814,108870,125028274,102289950,127557985474
401,0,159998,316806,127551218,369515550,126553262018
409,0,166462,278598,133522546,546777630,137094672322
419,0,174722,0,151394306,0,166027100162
421,0,176398,-349434,148762162,-777922530,154976805058
431,0,184898,0,163261442,0,182059646978
433,0,186622,-289146,161678578,-333880290,169388734402
439,0,191842,0,174935554,0,201238568962
443,0,195362,0,177695234,0,198252994562
449,0,200702,91398,176450546,-13240290,190128553922
457,0,207934,306630,193229170,484185630,230358644674
461,0,211598,-150714,188404658,-48668130,214486017218
463,0,213442,0,201995266,0,240625664002
467,0,217154,0,195738626,0,214944694274
479,0,228482,0,215660546,0,251792424962
487,0,236194,0,227752450,0,276639752194
491,0,240098,0,232951298,0,284049924098
499,0,248002,0,251638786,0,320324648962
503,0,252002,0,245177858,0,303250268162
509,0,258062,326598,258362546,931776030,316242367682
521,0,270398,-229434,288492914,-876894690,387295713218
523,0,272482,0,292734466,0,398568611842
541,0,291598,-118074,316187314,-228426210,417875170498
547,0,298114,0,323975170,0,446826708994
557,0,309134,-509370,347047346,-958563810,498210432194
563,0,315842,0,359187458,0,497162403842
569,0,322622,-431802,380062322,-1035947490,555082399682
571,0,324898,0,377113090,0,544953245698
577,0,331774,658950,398687218,1733406750,591307431874
587,0,343394,0,398538242,0,579218399234
593,0,350462,163974,407032562,787522590,596707231682
599,0,357602,0,436385282,0,676703723522
601,0,359998,494406,422539378,805777950,618895749058
607,0,367234,0,455776258,0,699042332674
613,0,374542,-744186,454988338,-2025215970,672392880322
617,0,379454,-714810,459116402,-1692264930,681036998594
619,0,381922,0,466357762,0,708963000322
631,0,396898,0,514932226,0,831388246018
641,0,409598,664326,516628466,858286110,823399751618
643,0,412162,0,529547266,0,827649228802
647,0,417314,0,537518594,0,890699784194
653,0,425102,-453306,560469938,-1057820130,944604177602
659,0,432962,0,565914626,0,905262120962
661,0,435598,516486,582030130,1930767390,985171656898
673,0,451582,-310266,617233906,-282562530,1071418036162
677,0,456974,908550,603729458,2273003550,978981888194
683,0,465122,0,648322562,0,1099934392322
691,0,476098,0,635307010,0,1087822708738
701,0,489998,715206,667955378,2706961950,1134632408258
709,0,501262,-734202,695653426,-1159741410,1204895449282
719,0,515522,0,756347906,0,1376652902402
727,0,527074,0,773772802,0,1402179510274
733,0,535822,1030854,788289202,2002705950,1449929397442
739,0,544642,0,817080322,0,1541332828162
743,0,550562,0,813660674,0,1499677040642
751,0,562498,0,816020482,0,1456587063298
757,0,571534,273030,855688498,215331870,1588745953474
761,0,577598,-1149114,874552946,-1774149090,1671952506818
769,0,589822,-254202,928733170,-825047010,1850727849922
773,0,595982,-1039866,936222770,-4346941410,1826792521922
787,0,617794,0,997280770,0,2010826391554
797,0,633614,-35130,978367154,-158999010,1901245732034
809,0,652862,998598,1059425138,4530163230,2177262659522
811,0,656098,0,1062313474,0,2202784096258
821,0,672398,-608634,1124090162,-3792522210,2332154486978
823,0,675682,0,1096855042,0,2272112599042
827,0,682274,0,1118882306,0,2282337902594
829,0,685582,211398,1111468210,615790110,2194393208002
839,0,702242,0,1196118530,0,2525304791042
853,0,725902,-1283706,1238869810,-5242352610,2679041097922
857,0,732734,1257030,1257826418,4745894430,2711697657794
859,0,736162,0,1242366466,0,2595676037122
863,0,743042,0,1263900674,0,2744190074882
877,0,767374,1057350,1375072690,4735080990,3029451515074
881,0,774398,-1004154,1367630066,-3780326370,3044208424898
883,0,777922,0,1357804546,0,2923411619842
887,0,784994,0,1427160578,0,3177369034754
907,0,820834,0,1471546882,0,3292510380034
911,0,828098,0,1511384066,0,3404016992258
919,0,842722,0,1566557698,0,3668348395522
929,0,861182,-1655802,1560391154,-4712878050,3505595305922
937,0,876094,-1567290,1602452338,-6703495650,3739109001154
941,0,883598,429126,1616674226,3185256990,3653161657538
947,0,894914,0,1732862978,0,4234624253954
953,0,906302,-299706,1754051186,1218531870,4199532396482
967,0,933154,0,1763734018,0,4086230884354
971,0,940898,0,1854420482,0,4680166957058
977,0,952574,1666950,1835967218,4666076190,4439283460034
983,0,964322,0,1883936258,0,4645336473602
991,0,980098,0,1913354242,0,4598659383298
997,0,992014,1438470,1995369010,8466462750,5075868016834
1009,0,1016062,-782202,2062868722,80655390,5184609736642
1009,-311,1006779,-3304019,2065194723,-8683888451,5236273777539
1013,223,1027041,-1525313,2100737025,-9843890177,5307966272001
1019,534,1047452,978810,2236333028,3076554354,6116427625532
1021,800,1019906,1439822,2149434134,30385430,5750225873846
1031,1290,1114952,4692042,2497325408,18506789730,6939530490872
1033,-451,1132931,1785617,2465045675,3324027329,6645190787051
1039,1215,1122753,2667459,2431100001,7585333155,6710672058753
1049,1071,1112223,5438787,2476329519,19319503611,6819128640903
1051,-2029,1154763,-5381605,2597645163,-16738055989,7339485794523
1061,-1083,1205081,-2828679,2882688929,-8816391903,8547986570201
1063,1145,1216633,3549653,2969492761,11057660405,9172684027033
1069,-833,1204119,-4224725,2833837479,-19843808813,8348681053359
1087,-994,1304992,-1277146,3357446752,-3610151074,10874083917592
1091,162,1224762,1915956,3133402470,10345218852,10129473919182
1093,894,1263760,5856372,3191720452,23425421724,10225421868580
1097,20,1304930,-1118602,3450839726,-447678490,11274412407590
1103,-51,1251509,433923,3043005689,4380316179,9604194192449
1109,1128,1397540,420426,3686818400,-785544222,11918071313600
1117,1030,1398868,-70676,3904381336,-4900116860,13873447616968
1123,2874,1296672,9799398,3499878672,37622064174,11848616083272
1129,112,1465064,-4204862,4069989620,-27221395238,14007672803924
1151,1499,1532387,5119805,4585842047,19821464549,16680217205567
1153,-951,1520323,-2578371,4500153211,-8148438531,16434658621963
1163,2316,1627150,7522524,5008743886,31285639116,19402414747870
1171,1026,1607530,-702792,5337897502,-9280840344,21844842856870
1181,1160,1582018,10793258,5069553358,56442045170,20995972834798
1187,-236,1625896,-3679118,5333526148,-20607177206,21850696430116
1193,775,1680433,2034037,5596215637,3111304405,23268277664173
1201,643,1748549,-395831,6163558793,-6213264287,26570592476969
1213,274,1759116,-5202650,6045401700,-34413812066,26012913831276
1217,956,1686870,1770824,5865122454,-3747135424,25928241458430
1223,-2945,1788383,-11193821,6295226423,-46651242725,27617908278383
1229,3099,1855015,14312301,6640774891,75168468429,29652356191075
1231,2920,1875678,8290552,6696045510,31504706920,29657371465878
1237,-2347,1909511,-12447391,7085085839,-82833374887,32628478448231
1249,-292,1920496,3504962,7264850524,31429021418,34850160462556
1259,-166,1973304,-1131496,7615700004,-5305137496,36606441125004
1277,-52,2231020,-7214332,9515370604,-41817650572,51383386767580
1279,3655,1990363,15649645,7856268343,82695858205,38177528091823
1283,382,2125662,2920792,8796132402,21335108152,44569142474442
1289,-731,2145203,-4427147,9195141299,-34811748011,48115353268163
1291,573,2094067,5161659,8911665679,27827030403,47035494297007
1297,-58,2306830,896528,10079237026,-11772413488,54541491797770
1301,2171,2254151,-118345,9806527991,-29293384609,52654289927231
1303,479,2182707,7972589,9759129471,59283987869,53851034565207
1307,867,2176453,5762127,9605411653,48804148407,53011680353773
1319,-1437,2287983,-11485089,9947774607,-74870157417,53895416187303
1321,1758,2296486,15662016,10501496122,134407636488,61219588101946
1327,-1344,2485594,-8414784,11589804178,-61127495064,67686880044874
1361,-757,2450109,-6807919,11384959833,-61132911007,66602608326609
1367,1735,2579429,20894209,13429898129,172799954545,90237404848169
1373,-848,2645292,5887282,13672351440,87159285322,87215741796912
1381,598,2624204,336616,13702128704,-48326495672,90207671230184
1399,-2515,2805579,-17525479,15210801795,-137575559215,102617078529579
1409,2819,2842677,2746085,15572532057,-70393177051,105656004740577
1423,2247,2820347,21309585,15981248807,172320269697,111800174387327
1427,789,2946593,3805359,17063932781,33906046119,124463923144013
1429,-1788,2723038,-10963986,14971663114,-74300203458,104394359746258
1433,2271,2976813,12913845,17845652889,67686149421,131557899721113
1439,32,2804672,-4665550,16481856068,-49624755478,124930880954852
1447,-2162,3166120,-18863330,19174979128,-189802529522,141940015472680
1451,-94,3096950,-12097210,18766009670,-155372313034,139389632105990
1453,-1168,3083998,-344242,17845949554,50452633502,129117385024138
1459,671,3156573,2659445,18849173913,17070329861,137593055527233
1471,-404,3051668,-3471026,19045808696,-47491842314,150418275661928
1481,-2025,3326895,-15016635,21547132107,-154017220035,172179138255915
1483,209,3357245,-3423673,21167990489,-30961796041,166099404479825
1487,3609,3393005,35756475,22837917521,375922060779,191842773222905
1489,-1649,3310707,-13889435,20958332631,-85977457499,166936357631727
1493,1655,3177265,13489775,20583066361,158343449495,166075235394385
1499,508,3433646,7853866,23075615714,94366085938,194480825246306
1511,-879,3370827,-1914627,23197018467,16773329661,200580211799427
1523,139,3226907,6318229,21930294119,124662241909,192906177043967
1531,-1005,3549409,-12399033,24423805417,-166122330705,212061353951809
1543,239,3426407,-5194405,23700698351,-61782349261,208128831242327
1549,1857,3637087,11375403,26212849819,90786095667,237490599929947
1553,-8,3773688,-18976022,27608320212,-306755041118,254334912065268
1559,-3832,3740278,-25751272,27510409102,-255296461312,250513044339478
1567,-726,3819018,-5397408,28700849910,-60858832536,265950281832438
1571,3527,3836039,24221411,28464634247,216236224307,263686488221399
1579,478,3944148,17885998,30516989508,241116839398,292194449915628
1583,-915,3870813,-12181107,29275544493,-142044484395,277645450284933
1597,4728,3977310,24097824,31845018414,84733528248,314114474366310
1601,-502,4024998,13585154,32377008582,247091229458,329662465136118
1607,899,4096307,2311577,33408280463,-28839072031,344056694593967
1609,2769,4116121,35048511,33998511109,352902453159,345583809277381
1613,557,4025293,10683857,32693280781,124885084937,337443318886933
1619,-1411,4266597,-6191143,34607154933,-22124331751,345053474124837
1621,2176,4259904,25616008,35867215584,359245848496,378705937678824
1627,-1106,4181488,3646558,36066516856,155612797774,391696060798168
1637,2343,4310833,17680521,36727104061,154267126113,397300049420893
1657,3513,4346313,13475907,38994209181,146660200923,435982549055133
1663,1313,4612995,13011311,41732138031,220000715423,470228814030135
1667,3203,4479715,35011529,39613850287,375246867113,433670640792295
1669,-2397,4721673,-21145533,43785504321,-338029666077,498470619086433
1693,463,4706033,9433327,45232233089,135482418103,543940445975513
1697,1970,4949584,46405694,49652511976,860692514390,630628816232704
1699,1570,4839406,27563398,45788788390,330091020190,550945211006206
1709,-702,4977208,-28561476,50548343452,-653344715652,642172063600228
1721,2029,4962039,13876903,47588875251,267438879079,577078133486379
1723,4167,4929213,40518693,49865951721,570674810757,626238797352033
1733,1837,4993019,12559849,50514350963,197928747697,632280196137899
1741,1048,5315242,550480,57239060218,-134290618952,774681414809842
1747,3794,5256374,48452348,54245033210,785265337724,692876243908034
1753,-949,5639129,-26533765,61950668465,-743307958789,835449924639569
1759,857,5378409,16271747,56859105501,155578104827,762032289549789
1777,620,5439874,-3465322,57802599862,-7881979690,756596308389454
1783,355,5670147,-19171589,62101413771,-504820448405,833388043059387
1787,510,5683702,-2253282,62945185630,-59666202810,861126733108102
1789,1302,5871834,29835354,65750142090,651252061842,918104482739634
1801,837,5599503,-10560075,64452429807,-324096092043,920055486442863
1811,-283,5710925,-10421929,65857619921,-191671315393,970910801191745
1823,-1173,5964147,-13631079,70310843871,-208453308303,1027037067038607
1831,-4417,6474071,-67473907,82316708843,-1081010785747,1302508406442131
1847,-940,6243192,-1093270,76313536428,69493184210,1159406176713612
1861,-738,6619844,-7884498,83018152340,87543127902,1291347278482964
1867,295,6375553,17150371,82151624929,598012398475,1320521721975433
1871,-1719,6384119,-22566321,80150891459,-374177418969,1270762949706899
1873,-1645,6272327,-40005043,76904644115,-845860009555,1183397920359707
1877,-2657,6145883,-37625897,76023885995,-618971877017,1200402574007723
1879,-568,6707160,5035628,89719217736,236079186932,1486722727339680
1889,2425,6484873,16086457,81827630089,358100087785,1321047617729113
1901,4148,6907118,27129176,94201453334,334660018688,1625922407049038
1907,2240,6918442,39228746,94213568302,820693384130,1595379774269662
1913,-301,7069595,470783,98394843539,-93540688921,1673221975565435
1931,-2751,7235099,-24386727,103339037339,-495312737751,1849327790476859
1933,1842,7165302,28049718,100883223798,511878179982,1799625989854302
1949,-982,7296492,-4345264,105040680936,-339122758792,1850964280557912
1951,-2203,7444885,-50157097,109424868769,-1354933638433,1997298934622305
1973,-4837,7291303,-106415689,105626442919,-2313597210697,1935143748680743
1979,465,7955817,-12895383,121150271697,-495211200615,2352000811740657
1987,331,7781805,50541643,117381537045,1108414322251,2232273956287365
1993,3080,7807664,49408238,118843484228,1487630135270,2262059431356164
1997,3349,7959729,70414123,127315452021,1820488500859,2503941792953949
1999,-96,7739970,-37918110,120880605990,-1025742464406,2405617590227670
2003,620,7985096,3873548,131370194504,43747761260,2720905790584136
2011,-201,8380183,16689477,136385660395,900956596269,2695197985395883
2017,-2596,8181776,11189696,129424789760,609303256064,2517969674571776
2027,1515,8375315,79427865,140908936847,2249205097665,2921241623291375
2029,-910,8617400,24656054,146005087112,462531368390,3089718903110120
2039,-81,8594031,-18954435,144580411587,-473094986571,3046620728382771
2053,2929,8302293,21021655,143589805017,-31805775161,3120081617497233
2063,-44,8232184,-27421790,137182595788,-745945194974,2890297686563524
2069,2746,8849586,2541658,153599241042,-155453206454,3363687742241346
2081,1180,9057084,-21842024,164117576532,-845676409040,3744523629836604
2083,2803,8760695,19356691,152885713799,159108918763,3304803260382335
2087,5163,8729057,117915579,152546959049,2657366226363,3311122142321657
2089,2102,8493314,53109404,145266323462,1255424224412,3184992785616734
2099,-157,8858763,10724855,153443059179,580021032263,3330216911970363
2111,-1355,9228729,-40005605,168600781293,-1728357395525,3880121791958469
2113,5886,9454066,87417054,180154047538,1457745528486,4227416182803946
2129,-4310,9697096,-105486248,179803549300,-3350353078640,4209367010199316
2131,1470,8940476,135588,159473693840,-496783206180,3628302218626976
2137,2179,9633277,26737207,178119892885,551671262959,4159241721300877
2141,1805,9972017,149535251,192843992765,5054153055035,4625125713734477
2143,-2469,9725225,-73908861,183441263465,-2505421372749,4328157456702665
2153,92,10148980,-33566464,201214034836,-1192907173888,5037163413205060
2161,-4743,9995471,-140119641,199601807843,-4137962483073,4915745229551891
2179,-1437,9563711,22982703,187684710911,1518297539103,4636550482699151
2203,314,10623184,-2614006,233352017608,-215779382566,6413775673592584
2207,232,11170818,19683832,244874738226,680579859952,6571974925905018
2213,858,10809548,40400340,235771753160,2569201049628,6477200371049288
2221,1962,11205680,57940374,241866656696,2555772991302,6460689511450520
2237,6544,10758446,225531142,234833018666,6626804984374,6347099702280386
2239,-6000,11768288,-175680510,266166699884,-5272302487470,7401617067736388
2243,7965,11496171,168153459,262321986375,4474704967995,7437009051418551
2251,-6310,11316402,-144684190,252505556322,-4231656591670,7115283916403322
2267,-1908,11686518,-64544202,274486534002,-1781503724178,8034425893810098
2269,1716,11315284,2091408,262959934036,-1019575814304,7748774793782164
2273,-334,12114052,-64217806,275334922444,-2465005662094,7908304710194092
2281,-2949,12252879,-43529589,298281394647,-319396003389,9107709570061839
2287,-363,12329057,35387487,295431709925,1679488365927,8778166468433957
2293,-4285,11567467,-139660669,278265525571,-5083838546845,8508368313049267
2297,5342,11808262,114965444,292971402634,3140427602732,9186313504150042
2309,1087,12428153,23225881,311412201821,1378261563697,9732944442359933
2311,5261,12215969,88807025,304168994897,2459729296841,9354140846740649
2333,-289,13243359,60661709,332891810187,1972379145221,10342332688290219
2339,1598,12652404,-13599370,321415179036,-1424233854922,10278050499758364
2341,884,12901500,76220624,321369279132,4059092470184,9994805618297460
2347,-5026,13217914,-131115814,338686638802,-4459324992286,10786169610397354
2351,1874,13281422,55992122,341418708134,2268018456674,10720122422549582
2357,411,12040901,-21992439,297162053225,-1380954787959,9289269119365361
2371,-1438,12901686,-18743962,331492160886,528529405022,10584283009399566
2377,1214,13734716,-5608690,353942151260,-511576561546,11240552337380276
2381,-4039,13338673,-127230451,350131619713,-3716652011299,11367131711873473
2383,-1001,13686953,-72264959,365057206301,-3722985766751,11960356172276213
2389,-6564,14497670,-239961564,395265862430,-10234089958524,13094707839843470
2393,-9025,13277401,-347218705,355958310673,-14037454281505,12005598936761761
2399,-4944,14095912,-117956388,379828347880,-3857670720564,12882112917282472
2411,2723,14833439,46400831,429292145855,2046437885663,15223566035693759
2417,2108,13665220,81817232,369387639700,3038430162128,12456969053933140
2423,989,14378081,-26086963,403308587561,-2013837836611,14239282396530281
2437,601,15278929,89008357,447658028953,4413560652301,16395377492957569
2441,5929,14723099,139887271,417309814055,1999006008439,14667088186838399
2447,2913,14416187,43536405,415586924867,1374239227293,15009057510576587
2459,-3789,15265241,-67094283,440413538885,-860573655339,15724369184675021
2467,-6577,15736261,-197221825,476681093269,-8020341183817,17733154467365821
2473,43,15222939,11632177,468076059927,872809742353,17730971670509679
2477,852,14328880,71920692,427901581720,4295648695932,16144166680330000
2503,-8520,15654430,-355439352,477404186254,-16376050952400,18254516665953910
2521,5261,15236583,7784609,465201079407,-4068423459439,17672102544109503
2531,-1201,15851923,-60874861,491308544827,-2604217913101,18993319252272283
2539,4326,15626990,98567022,497668784006,4489245673926,20078887254751550
2543,213,15420147,13075755,491553191775,-663198683637,20158091919283527
2549,692,16011486,-26039614,529859253810,-1010476645798,21964305930667026
2551,2782,17336192,203896888,572384135996,9382763565112,23400495567937172
2557,3653,16209197,242535911,534622073393,13129649001983,22299150295242977
2579,5117,16553177,174578201,538423111361,3526616152697,21674452794709937
2591,4024,16526708,151373182,563282858648,5163284618254,24110726977298768
2593,-2368,16686120,53110892,565790806008,7181239450652,24373925368557000
2609,141,17056781,12463653,577911730661,-140590952139,24711219692924741
2617,-1864,17982976,15694274,625937975908,773219003186,27177198788269756
2621,-54,18753298,151060074,683496419074,12714521111586,31223750497868698
2633,-3961,18116143,-242126005,644316097279,-12628066678261,28301036428941103
2647,-5668,18409760,-225261886,683789521628,-10337003920438,31267075616931020
2657,-3962,18548230,-183604700,678134186002,-9885784049252,31082025544693810
2659,-2500,18644242,-38144302,685965135094,-1745046706510,31519319619388942
2663,3595,17993227,46540711,646224688507,-89098853345,28937909754956227
2671,-259,18976135,-126211369,716502689803,-9773179860289,33406530314283115
2677,2654,19672330,-6191722,746737466650,-6693867610906,35465836889338570
2683,3667,18541875,146054479,711372192579,5973902604847,33817767903082275
2687,4098,19295662,190388724,730708438786,9453669947868,34187503357966402
2689,1388,19844036,26401868,765087833492,3620883967388,36811230419458916
2693,3316,19832620,100978000,796448414452,4035736988656,39718767482535460
2699,4469,19955321,156501311,789137126717,8147892923399,39057131260600301
2707,4323,20477829,166288329,819779424465,9563697371553,41219581367911089
2711,193,20885793,-189104159,827959662129,-13161575445047,40823441095972473
2713,958,20524242,16724002,815971239738,934380719338,40082753537940642
2719,-4564,19662920,-281244814,777142163756,-16959495104014,37873375782196820
2729,4409,20337709,351380477,814802666245,22136484279389,41426002325397349
2731,-4353,20377531,-41249697,844926117811,5863393961007,43911939574234291
2741,-5992,19936382,-266378104,792669860030,-15540894637792,39353535617593382
2749,2894,19986852,75723410,802327628268,2267917783034,40582073068411812
2753,-1569,20898971,-29522121,871830287147,794947591911,45489033615734411
2767,-2727,20423147,-46685097,832313300855,-3642267575937,42837919419010487
2777,-9005,21445773,-425973785,935745607413,-18160901186465,51060846104159853
2789,-7335,21742725,-344830965,927563803641,-24945424276725,49452967157008785
2791,10828,22025516,576345820,960647689796,31534297207108,52051082932962716
2797,7053,22824167,404693493,1027526339111,28816102018293,56999448761458487
2801,3976,22065520,300766936,982243973440,23132633385856,53900117853960760
2803,-1420,20933736,-65746336,900568643832,-2180879815360,48301162555646136
2819,-1193,22833837,-81988589,1050668522613,-4671938907053,59045286767058117
2833,1874,22289312,65998112,1019051349644,1446471134744,58268759516804252
2837,-2703,21760893,-204992331,960558286869,-8797079831883,54370473465855573
2843,12287,23396795,449873477,1101454157399,20994820102517,63639308412037055
2851,1509,21701641,233887767,961572985333,21365416437999,54106340109894901
2857,-2828,22311590,-231524642,980600002274,-13108204835258,55011123524588210
2861,-1747,22599039,24510443,1022174885211,11301940354763,57946051952452179
2879,3503,23126845,212472401,1094937221569,11067525233273,64675814922757345
2887,6513,23908635,119098011,1113274792503,1556364013443,64329994960570215
2897,-1867,24074181,-163227595,1147922241645,-9605969259667,67687279762719381
2903,-5923,23443171,-247194619,1098043892419,-12813268811443,65886545724205051
2909,4059,23775529,483977349,1155169994989,32435653420269,70647569155144669
2917,1945,25047545,169558669,1221413025761,15547436576725,75495217558599065
2927,-789,24295925,95820795,1193743906805,15245963537451,73642353380977205
2939,2274,25291578,96930198,1258987085418,9925682189094,77081056539657258
2953,-6926,25025708,-217907810,1258986572228,-15687208642466,79175390026424708
2957,-2421,26999467,-298651125,1428526096435,-15891827667261,92778085189162507
2963,-6384,25964900,-333374088,1333124698484,-19339093641504,86180493469263260
2969,3739,25437087,-126563921,1276273946055,-17421785965961,78672428673994527
2971,4287,25089493,340042371,1267421702149,25017557835027,80707309642695013
2999,-5789,27686465,-214156709,1465598806601,-5466299002829,95484702675582785
3001,-15229,26963853,-606422305,1452098801205,-36207904355929,96658793299811613
3011,6693,27176219,355024497,1462474986491,21742308119313,98502132748037099
3019,-6783,25906727,-326591079,1349494446191,-18124510668543,89878241673086327
3023,4572,27018594,319007808,1448075024802,26525583516672,97575033605494194
3037,-8215,25420383,-359979547,1354543661247,-16518968758435,90638239162810503
3041,2489,27526163,343448219,1500344409023,29372280378779,102875518494777143
3049,2110,29816272,146140240,1729694766292,14409376358920,122901161147455972
3061,-10085,29207889,-498482525,1691667750945,-29648436965525,122630754415463529
3067,-1129,29988923,243611117,1765583397839,39264910309541,130684537473034463
3079,3925,30460859,382137985,1768195721699,29709187140625,126821066572346579
3083,-3799,28628715,-118994983,1624433268891,-6200403715759,116071142005280595
3089,-2623,28119437,136712633,1639520671061,30024405796097,120058132204497677
3109,-10338,29550748,-573346338,1709072351788,-40893255043938,123037887189020188
3119,-214,30216076,67032548,1818166473880,12391359551036,135581655541256296
3121,410,31241178,-102545332,1905058853046,-8068232331700,141463317572991198
3137,1195,30013059,272232907,1851459554211,28804135642555,141342751522790019
3163,481,31398341,65671111,1939287233393,13270120071871,148617367190777441
3167,-822,31790270,-146486544,1967422641314,-16631389162872,151898729027062850
3169,-4776,31248934,-397316490,1938920477962,-45553871738106,152292064582473634
3181,5628,31809558,38508528,2031043705350,-22180040577432,163301286980607678
3187,-3221,32289573,-183278663,2107735866753,-18918795171911,173586537619044633
3191,-12291,29883521,-399730839,1863658241369,-12716873582871,148422147488082761
3203,-1072,32810696,-186683536,2135020092608,-27158284520872,174132760910242856
3209,2402,33565784,25473806,2227765096952,7172816524982,184144001851377344
3217,-417,32749063,268251219,2189815233175,47909431024083,182329056968700343
3221,-8720,33065304,-597322802,2160051330300,-48798315012050,177337734889514244
3229,12299,33014195,858270371,2178625495643,72243253433339,181214550087659315
3251,-5580,34794464,-327084090,2411481067076,-27822767856330,207659056085935244
3253,-4387,34733029,179671181,2384951021485,37531288417613,202178346745646989
3257,9391,33089527,856553929,2202068792755,79722314978761,183972617620417387
3259,8811,34772751,716341977,2347886466219,59855960806401,197997550668747771
3271,-1245,34328077,-243434019,2413762538737,-21976793779275,214119733850459857
3299,-5763,36139817,-90306213,2559851231837,3446132067747,223471098212993117
3301,-9270,35752506,-747057714,2516700024018,-60721932110610,220905623867857266
3307,1817,34752487,247696487,2482494148867,43381371731687,223496278089447307
3313,-3879,37494593,220467249,2786077036649,48437957442321,258345248288314793
3319,-3366,34993546,-417977076,2434092000070,-39457930031196,209250529690919446
3323,2046,37480208,93508506,2723105453192,-361026400374,243680398143035528
3329,10912,37157892,819458932,2711193918468,93593710166692,245501650325400612
3331,31,37097067,-375292247,2698700674551,-61494019863839,246170327909798727
3343,3518,37101820,380957918,2771216862748,37983276798758,256085249507800660
3347,-2823,36410005,-311884755,2638632461509,-39898730703003,237092768085785725
3359,-5971,38182015,-260565211,2757763056943,-8831014389091,246563280848854135
3361,3147,36765943,79019847,2763309525103,-13126201558473,260419823301927343
3371,-5191,38401197,-810141661,2825933084817,-98806360242781,257829334506793257
3373,15977,37248351,1230388811,2766760756635,92374561779107,256370255469108171
3389,-1639,39373469,-103478329,3069183713705,-17859795818569,298786772954508929
3391,6342,38642720,421320900,2950408682132,37723344557052,284474412530783780
3407,-6958,39545714,-637696042,3100219795490,-66193904008138,305953497081228194
3413,1500,37823088,547772214,2840138153892,96574257748830,270339950097496788
3433,-4715,39770107,-195033695,3167300587915,-15688327405175,311936132065921267
3449,620,41560990,-193149688,3534285284158,-58450683404920,372501005268690190
3457,-3579,41350225,-647018427,3412251891601,-84810983956419,346165189832633545
3461,-5732,39687406,-619673012,3154512631462,-75317482017212,310927499508177646
3463,3353,41109631,-1266859,3384765027919,-22134752773987,348818973017178631
3467,11559,38519141,926344923,3064717050581,89943735973539,312672501255451661
3469,-11035,40915675,-1319280745,3407108741479,-155644297475185,360017606036388295
3491,-2772,42250612,8952174,3643775881456,26267194094598,391876294899751312
3499,927,41361177,181928433,3376291988205,32148776095257,346879827010158477
3511,6908,42699318,624805748,3552122825382,69579408201188,366767773673328918
3517,2322,44347484,430070670,3747273493004,50471043810102,394621713038061284
3527,-10109,41922359,-605583707,3472705068227,-51529369793819,358449695128822139
3529,1533,44489305,-293864907,3848455952257,-43846400445267,413591430906599785
3533,-1306,43159216,-175174966,3787537816528,602435048234,423059771109874816
3539,85,44435049,213198865,3911558807313,46184390843065,433848358900192089
3541,2981,44360667,-173318185,3836041441767,-60901377593209,416579696150066127
3547,-1472,44241912,-23793230,3953408418204,5926028847178,439808905161578172
3557,5762,45084074,563455658,4035381764546,42304381539242,448946467500702914
3559,9102,42671946,660578682,3667323048618,49609061987082,402803302106254026
3571,913,44881425,428433187,4048029022845,82457301303043,459278135545479765
3581,9002,46012298,872092472,4239083455718,94684000852712,482568637474744718
3583,4578,44371264,92603790,3887030325352,-1471988029362,426610373668840984
3593,-2401,48225721,-465000823,4419636058261,-44089142688391,503801772433668781
3607,5433,47224411,700242219,4242581661703,125814249728883,474004003404811591
3613,8661,47205877,260537457,4407137159509,21472657392561,508323079191195637
3617,3561,47513577,-382178043,4507140159561,-103011884939619,527777650724990097
3623,491,45698329,525292559,4178966824561,96437881833431,473762826745726489
3631,-1089,45420355,79389387,4326185963227,7034047664571,520084200540968395
3637,-6259,46670105,-999612199,4448879938409,-155356259708959,537359459094524465
3643,-1917,49914901,-455426061,4909360056061,-59297999211837,607792903713167101
3659,-1731,51417975,-378583719,4929783552159,-55603941179631,582439792983497415
3671,4536,48079866,-9322830,4641607846638,-30578352372294,572551550436208686
3673,13275,49885785,992389929,4916452631949,116011568549505,603073114678594125
3677,-2905,47627591,-569252911,4465055864243,-75811263217015,526860781104293171
3691,-16362,48933316,-1944793218,4752037672612,-253655344366482,576356195274931156
3697,3822,53473480,-95966442,5398840481008,-37177235174898,672941457870074200
3701,-3130,48517298,-110165998,4814865238010,-17423979022270,594346676599985258
3709,2215,47747473,-372436247,4593051946861,-113727097666415,555524619144137773
3719,5070,51016406,-207018060,5163869368442,-73326681785820,664480360805148386
3727,-8022,50963322,-864140526,5053749563250,-111026547854502,628403264604302442
3733,-14113,52972169,-1329586705,5227770263633,-180570232565473,641700600911859089
3739,4781,49999629,463835915,5144072234745,80534514379691,666732331497722529
3761,324,51563684,-209700132,5443100953028,-76804268095716,728839884117757604
3767,-3049,52122307,-1091531593,5404456497163,-226112100558049,717072688138996147
3769,5770,50497320,194963584,5188998460404,-38569267922960,674701417729940700
3779,6894,53945096,1613783274,5802176028296,306195160990554,776341501940189096
3793,2064,55331762,-39484254,6234744491654,-41058712542246,871662124933820582
3797,-1543,55382605,-678199129,6163419033649,-160832572510393,863069769167756665
3803,4186,54019184,333136924,5852875720388,47624086133356,804182709549527564
3821,-15515,57262605,-968189831,6581894397093,-95235158277095,939230750248996485
3823,-1369,55561883,-735885457,6048023577203,-164576148085729,821309481276057683
3833,-9228,56164586,-898112034,6246137946998,-172531487327298,868919663180086766
3847,-683,57527947,-226890179,6549783198619,-55877221621043,914823323051462827
3851,9774,56402366,1128143310,6272859177158,165955633219014,869129680311708206
3853,4444,54657134,818383492,5997787843190,122590397533564,828328073815582094
3863,-1699,58282463,123675965,6641330158463,32686745362901,930100017029549543
3877,-6562,55779244,-1203266248,5953488122248,-215402351448832,804667255546208344
3881,-5106,58468038,-362958870,6497006164614,-36939728668446,884935094530893438
3889,2692,56914186,52205542,6339989754022,-26093499753458,892172498528548246
3907,-781,59076329,605805455,6639857667473,150215810918159,926762039760618689
3911,4131,59777771,1600512921,6908819593535,358107203986761,995015047349956151
3917,2085,61233353,384945603,7297164061157,91950765853035,1083007166752519493
3919,2871,59390515,34855917,7108243655839,-59840013017979,1067691327421241695
3923,-3156,61754536,-163776522,7295327356732,-31943989761666,1078344684097903516
3929,-7120,61127960,-638133748,7474145905712,-19510728967420,1129382875986570440
3931,5389,60871659,919637335,7302598827831,200362538051359,1103597604916333239
3943,12151,59261743,1347342469,6950724484843,205752518846821,1031472940945465603
3947,1758,63323930,889314744,7659114441182,196328577201048,1134017908407402710
3967,-5403,63195169,-559084887,7730389378705,-150454186643103,1169344348026518569
3989,-1693,63367819,-553662775,7774126837279,-111458464485223,1197518565002742439
4001,-7366,61556982,-1360660078,7701865777038,-235044313364206,1204922977721653662
4003,-6555,65931217,-793339473,8460681050149,-148473983682945,1342672779979936717
4007,2810,62618562,-307433512,7902794095710,-35569311794920,1252624242072334422
4013,7373,64662315,1045338371,8181647752239,256856251167683,1295186847602693655
4019,-4995,63623869,-181808145,7802529528241,90943916616615,1219799057245711969
4021,29336,63504714,3277342412,8259138356418,498703628857436,1344374430265018914
4027,25959,64854085,3985956999,8282758865605,775649512524039,1321193341367677765
4049,1595,63516839,196653155,8261146142999,40628942826995,1334713720413546119
4051,-6261,65197983,-603140835,8591137820043,-103583283671691,1417179272066394363
4057,-3690,67345990,-1276423290,9072434209846,-197976921984810,1558002382004074870
4073,-5087,65786377,-414122171,8681152506433,-196014971037827,1432932207601545577
4079,-4856,68796482,-584613134,9451032242534,-71828302027046,1638950793687526502
4091,-6727,66516255,-743942971,8940366260967,-59828988882787,1502985329395931535
4093,2150,67291350,518042426,8850870627510,102540515377010,1441940872131255870
4099,25987,70681791,2579095147,10091722014207,349043275518787,1780609293805488711
4111,3904,71592262,501384298,9967695332554,85681335487714,1710960105777584602
4127,8361,69407113,916014855,9435353489773,47976928544751,1611718577516577853
4129,4938,72854442,943112316,10418013496206,302911580321508,1836483306801780222
4133,1863,73450743,677394789,10713818146563,137183050825173,1921331283702784923
4139,7740,70761078,1138318758,9991480862970,177631548084750,1762527629569388778
4153,4212,69211668,-258315846,9602821145520,-221008637721678,1679880627192628608
4157,-3193,70280117,-1050718879,9645672994913,-286446023924383,1673568713213550617
4159,-15826,70013838,-2938785868,9978760176978,-555456728291236,1803178104572512578
4177,-7364,68355902,-523917032,9336501663014,2147437522336,1588829712399891902
4201,-14641,71264219,-2409676063,10459930246175,-450300624218791,1892392450279573679
4211,-1907,75418239,-396032543,11301723682623,-76269269723927,2113631994893394759
4217,3228,77941108,810714102,11732545615720,125607322868358,2170615178576277088
4219,8352,75376614,1535820972,11509134076158,328274370299772,2176586021043357534
4229,-7141,74855227,-302829439,11012080480831,55766336868089,2011829016717991087
4231,6604,75764328,1170733066,10940726682348,276419938968634,1988517181813526148
4241,1762,71799978,397034992,10518779276046,40949994915712,1934828618388431478
4243,6179,74318289,1896498473,11432268677325,511605768087089,2168888282681403789
4253,-14422,78745160,-3264477148,12352593669740,-875064158826532,2446409473275978140
4259,14557,77557423,1554982879,11784294837955,160332583064647,2209985611363895443
4261,-16502,76573618,-2517887828,11248429536238,-419065946226332,2085314295471286078
4271,9811,79771805,2438255899,12217175405525,550394124526411,2356507889612629205
4273,-6768,80950394,-1528603314,12586103694638,-378672240434298,2440044100533861374
4283,14784,71941374,2957729142,10544927395458,631989004252854,1990118619765483594
4289,-10827,78290623,-633711111,12177602061319,54930580264233,2355343325330633623
4297,5918,79559352,-1055995906,12190276288632,-469863466170082,2362753422565931832
4327,-3986,77651694,-1061874080,12272158073394,-286549213655456,2412588466036729674
4337,-7463,81075063,-2348805251,13108887410439,-619606873050203,2652925804030287183
4339,7022,86396134,307591520,14209670994058,-14290367977168,2916041011337501314
4349,-5060,76035934,-1642471100,11747884853326,-519897767698340,2327029469301758614
4357,14086,81547702,3270920038,13410832655590,890124928931566,2765608025065170622
4363,2542,83714806,-949196534,14088786140062,-312428255960198,2945391045626956366
4373,-14534,78122780,-2749468202,12791176226372,-633276827557634,2641658222784448940
4391,-1123,84649013,-219510571,14477092023701,-43475173308403,3077838384940065533
4397,-15002,85658264,-3341139254,14437217815208,-758805468075902,3044840964382924064
4409,7374,88740450,670275714,15576164884314,89996477138754,3389053772738963610
4421,12925,88418797,649443535,15105857216041,-10313406333425,3196517672265896497
4423,-14324,85423046,-2200583174,14291811001850,-391126250033414,2960239500606138386
4441,1595,87998915,-513550981,15136457241683,-242735382815605,3281480919763543235
4447,-773,88036245,-1256531585,15425973461709,-566874559450073,3423264497077700565
4451,-2404,88295272,-1178842162,15590291376316,-462871030282114,3496661037933350932
4457,6520,87487116,2408646466,15351204360384,687086507855650,3334411018984745496
4463,14180,83207536,2745758960,14526268908856,601071393261680,3211834196092887736
4481,1023,88451961,-295132515,15277429896885,-70357735763427,3318475944461709981
4483,-1895,85809719,541252411,15607099499171,261805274892715,3546906798617412299
4493,6669,94941069,2276155671,17577857162049,511445569885599,4021856328173790129
4507,-8847,90475239,-1112804433,16097317598115,-366984685247697,3613439159729421099
4513,12282,96934898,1078417968,18360082857326,-45089889627768,4262488445427942158
4517,7430,90846162,-817002904,16797892985742,-458654811267280,3852888993654993582
4519,-6208,91283342,-1779690202,16645094070506,-474901906508818,3808386583682164922
4523,-6760,90455368,-1971632872,16560758726488,-467989350526360,3843198329761526488
4547,8164,89512834,1081353478,16973830791118,278911662255934,4072591189908221614
4549,21886,99278552,6187145854,19054644001856,1848086222654566,4507893694622021432
4561,-512,94475270,-325537466,17755135307186,7521717731638,4177604702031072650
4567,6512,96121352,1821958334,18474717924308,589048154623262,4378987245217536812
4583,7502,95068160,2224647986,17610034184192,628471523667722,4054816864590927080
4591,-484,98651320,384837428,19240968997144,305461430231276,4579130635056568480
4597,-12916,98166334,-3936116440,19413233289190,-1259079084939496,4737781454548947334
4603,16570,98194918,2395783750,19069087237222,413634692038030,4576929436813101358
4621,5447,93353667,395250149,17543692211055,-67832589393283,4156724350962289887
4637,13617,99609451,1104022713,19581005655163,137185969276857,4789599925740145051
4639,-16093,99152467,-2984085247,19502983086439,-681776372699983,4764463461081052687
4643,-20102,97342826,-4778281688,19427235271022,-1153998502713512,4969662493408381286
4649,8625,101544741,3705233151,19919922635433,1272215381696055,4855166391939733401
4651,4043,104073139,2157349889,20926687981783,835779913444433,5155770374388126799
4657,-5913,97638371,-2372155125,18935043974507,-850301929141533,4589037789227793491
4663,10016,101423322,3600826520,19482167159106,1113445813103816,4707087197274020082
4673,-4828,99767428,619344482,19648660668784,172941551008322,4855018619742254008
4679,-10580,101677466,-2356696076,20563118208698,-608146749156620,5158856930572440746
4691,-9087,96610453,-1741674129,19699237831993,-488714990829897,5125492450931768953
4703,-14936,103352016,-2195919260,21109928078664,-477634530642476,5402661393271923816
4721,11565,105524741,3259582491,22283490627065,966082662667275,5849315149489179761
4723,-21256,98700502,-5639187310,20249890354546,-1677980811454246,5252710658380704802
4729,-3084,100657598,-1887266316,20973224948534,-848850796262004,5519569044514256318
4733,9879,102540059,1409615601,21092587685879,198733463912169,5482301495910757319
4751,661,108863365,-718262561,23441553681961,-207824626228409,6335500564720390585
4759,-8566,100400076,2101689434,21135200020740,1143555846461234,5621402178226470636
4783,4768,111247740,1452576808,23934302814132,471653550601528,6368910929036154180
4787,-7823,99674501,327288799,20220292325993,355412961542047,5263189805661513521
4789,-5134,108265810,-1071284620,22518874903750,-666273695114644,5882182293843808390
4793,-15270,110483130,-1911969462,23412870853722,-83759487375030,6158594728244886090
4799,4153,103861877,2132956351,22204292747729,942820912727143,5944330137866982017
4801,-2424,111723118,-1048188156,24521591185990,-446903460450444,6621818776066542598
4813,-1934,109239220,-2165353820,23322544200976,-1200607473715484,6239755953783294280
4817,14888,111986618,1825458212,24504223366394,445789013928308,6669353384349061178
4831,7708,114862762,675134494,26214553880566,125317640270038,7361699895042542662
4861,12070,114385714,4160386570,25517108121034,1431426742367050,7092632327363045434
4871,1387,115975661,71531731,26856120749285,168988306544467,7746304926090828581
4877,5775,119805919,-747591093,27951817652527,-395671294660845,8032111140250062919
4889,2432,116184482,1073277560,26269257732674,514190910998552,7420502732998146482
4903,-14703,118276893,-3930632625,26891541429657,-1170241040834553,7600732549446765513
4909,9754,116022486,2504744134,26599343477262,753108543259774,7629448775020150806
4919,9266,119563856,2081076968,27417255229532,632057665444256,7855171311880679036
4931,-2303,131379955,-152806229,32566476951463,-172904937391853,9927598913468346295
4933,-6303,127408581,-2619797685,31385948122281,-1196572980959493,9470239156406420961
4937,-7378,115774954,-3551686900,27609294891574,-1428031140750748,8294191008306459574
4943,-14720,113700166,-2408608292,26300406322582,-782347225588100,7689187985854494886
4951,11284,121837632,2533497094,30293780012604,659642187879094,9442324603259123412
4957,-69,122799845,-1195777185,28910007559685,-748739438004009,8446842242453478845
4967,-16046,122438974,-5800626578,29684932445422,-2065712449320146,9039657887152287694
4969,-10527,120571533,-5969764371,28368511778685,-2318176577087067,8409700210927403013
4973,-11293,125297315,362454701,31167331383215,574404730489517,9683291036856170615
4987,9972,126334706,4308605592,32247895066466,1423660474993032,10228827921190542626
4993,6730,125451428,1809473932,30804596981360,801053925968500,9413325937482990608
4999,1927,120509897,542101537,28621781310869,470032230412897,8482465154821455677
5003,1654,126424022,1696460800,31037992629338,924333489019744,9563944925664767042
5009,3456,125490208,-453447798,31637212589692,-438459221030334,9759214468284446428
5011,-7741,125751003,-775877821,31207197486339,-175634976937501,9739537926577031523
5021,405,121231423,4179727857,29268695152591,2077156282406745,8976704801164678903
5023,490,134937992,1038391522,33984642494888,555851732394490,10532864617788751232
5039,2937,130181439,-2211944223,32767272463959,-1080698158743303,10205480078994291279
5051,-4354,125912992,-1770736414,31252800712912,-773733118706014,9730953988195989232
5059,7193,124296511,2297729867,30695093541547,852744944394083,9453931323665293531
5077,2758,133221058,1737178990,35991234560794,743226413782198,12083663161942396498
5081,15876,126286828,2388323166,30953583475912,457857349154526,9519983825261574928
5087,-11171,131121563,-2101179767,33869811709211,-368296698527711,10794467075145918323
5099,-6129,130368197,-429101001,32989174427813,-64352546696649,10372378340945300597
5101,1827,130500429,-714463221,33354762672693,-469533027105213,10678166666294259789
5107,-1393,132849929,1229294723,34534176081761,657030323446667,11245451697343480889
5113,-10410,126422426,-2828151930,32962190043290,-1003721411934210,10903647545306107586
5119,5092,130485526,563542966,34653921322546,294758060663902,11692942490663859586
5147,-2360,132685312,-1778532308,34924304495104,-1173595802878700,11596959407804206312
5153,-4745,139052017,-1758825773,37492571196241,-535308105001205,12524486898962060617
5167,-942,142729660,281646210,38482931461396,332721173797338,12831018275606633980
5171,-10348,137718232,-3719439316,37713044294704,-1170495564173188,12940600860525969472
5179,-10160,138137936,-2695306928,37222435694600,-806915569370000,12379619510762609576
5189,-22246,140096752,-6589089964,38841660619972,-2573329934658556,13502945202980704972
5197,9641,139972281,5516515913,39657610616193,2181913128486401,13780345826464016601
5209,-18313,139922653,-3605571949,37760705521861,-623510829415093,12666890503485168493
5227,-8888,136561222,-4022368064,37351580084158,-1883639506304288,12860405262885111982
5231,-21581,135279877,-3568645481,37465016600941,-791618470260281,13176666876272661037
5233,-37486,144157016,-10065435754,41933916724904,-3691368167498986,15179714267038167416
5237,-15556,135470320,-3311863330,36753383690020,-797017807340506,12579057046250608180
5261,12957,154015509,4640336991,46361286699873,1677493181228007,17430229920296657889
5273,-1604,136158214,-1630536164,36941502708526,-938638373839964,12562269859909613974
5279,-8383,145238409,-4493893909,41516260433397,-1953449801424613,14822723945764416429
5281,8665,145448971,569805733,42024661549747,-19388907452915,14829379668187298971
5297,4658,138897670,4215850484,39169696948666,2333165452241468,14026824183266542810
5303,-15992,150668330,-6923563580,45858537663602,-2814550843129892,17390104832512752170
5309,-3805,152563043,-4610524339,45607212750263,-2403620091104395,16704950031846139463
5323,-10040,159568326,-2910420410,48974399826066,-1515564121021370,18603135696102706026
5333,-4114,157477040,-4986807538,48089720504936,-2549285325769834,18179323836175823360
5347,-27100,160641468,-7452229090,49577435098056,-2752002640983490,18843764403955406688
5351,24240,150802880,6203979378,44369768336684,2325551677564290,16221206370372376820
5381,13570,152274134,401003410,46135647371558,-878048476736510,17326116299285647094
5387,-3732,156736580,-3805651062,47930613199352,-1782377468121102,18272054595744296120
5393,-2589,159052339,-3139478967,49531943122639,-1905566455107519,19122970709729629759
5399,-2859,159018351,-4247825067,50706791571399,-2698253406808659,20107059699533974431
5407,-5381,152022513,473785993,47400907015821,469007777533489,18333806078740810413
5413,14190,156077212,5540643816,47482614553528,2021329200514320,17955766543933314952
5417,-11594,166125692,-5297330984,52626765846344,-3447345514092104,20710731593941111952
5419,-5599,149305841,-3035797711,45230814447497,-764837444632759,17293682754121039361
5431,-25360,164218898,-7114485880,51299495885018,-2740785896122240,19630939956373346258
5437,11522,157376882,4647249488,51837671311838,2385019298539952,21404051581658375462
5441,7421,167466011,4105373465,55600348738499,1385912282414921,22646191014688130291
5443,13563,156711403,4266522699,47658317003563,1781616208400163,17972167300119620323
5449,2111,160095109,-965684461,50613306956149,-500144503615069,20395484740626161989
5471,-1279,162481807,-1261939957,52528435147459,-834251177040709,21299338169812437787
5477,70,163098572,4422579298,53531264120420,3787219205854690,21871400673141226052
5479,2632,160252592,1031411824,51736993073240,-206936311473488,20944191316496959112
5483,-8720,159289134,-2549755706,50973738425010,-510589926983690,20463287223529052634
5501,1026,157890456,3756941034,50545106163000,2298848562725586,20254168188775085616
5503,-15993,168745725,-10044661677,56884400712765,-4822828246506813,23728311738286286445
5507,-21751,170434341,-8714300791,56700715880829,-3601430659652911,23271744050252559861
5519,1922,171664238,1010913968,56942377644770,373498249561832,23424372133292868098
5521,10991,166350029,5098437995,55839419121821,1950016481346251,23518259061352623869
5527,-7344,161263960,-33291492,52575527350120,423955889056596,21503925215475572800
5531,-1270,176605472,-3016510594,59511746811536,-2064600562022890,24698698123327875752
5557,14811,172007193,7942212909,58273036767573,4314640109069181,24380253439989908733
5563,-6926,171957162,-4529069228,58859284472742,-2560445419712636,25267413008002555182
5569,-9834,181080426,-9269718522,63185443540314,-5097589114250874,27339941051876331306
5573,10835,163959629,433207997,55816762976537,-846758511193075,23604855953387597969
5581,4119,169302579,4146299235,57876807990099,3154737931614219,25144835043062117259
5591,-4638,172838086,-133159632,59906482958818,873415505622072,25889374404050611666
5623,-28630,169211572,-13278802984,56704819108792,-6156178344783400,24148279164174703552
5639,-7689,167566687,-2470362933,58472628227719,-950053446740229,25531062718091569927
5641,-2737,187187087,3971198939,66586443365375,2492260000080683,29018357654074453967
5647,-3281,176275489,3071907313,61503038714485,1691209739625649,26493423989230176829
5651,8722,178162680,1678329046,63671246025528,505529500121302,28374677858719808760
5653,2070,180726254,442224318,63069684656174,323756603344950,27558960166247593094
5657,-21833,187377717,-11619888887,67290264131889,-6111686386249223,29811770142387925017
5659,-13354,176809548,-480337720,62255738036064,173411327059016,27709137664903502328
5669,6159,181054765,-675187191,65129804359033,-1596462518580471,28985285005873401265
5683,9725,182573997,4142287253,65445887639925,2247569984677325,29586008889567898077
5689,9360,178100276,4318929690,62039575533824,2643935187829890,27073350996459112496
5693,-5341,182589673,-5133406339,65583467303653,-2007916332647851,29418822297592190773
5701,-10030,186514638,652095482,65976409710486,1343755972637330,29248305877618534398
5711,-19514,185002918,-7109229368,67194605477722,-3594808883513144,30107733320712751138
5717,19609,187409839,8524004305,68935545849079,4584608214185569,31646675351459578759
5737,-3436,194670650,-932538364,73983441256802,-37628851245316,34298625123210573770
5741,9185,195863593,4685274641,73860584836513,2083521095210105,34941576659600998633
5743,-1673,183433363,-833336945,65939376718747,-542759311069913,29696502366933466243
5749,4772,186909916,-1682920102,69808919816680,-2469564677880958,32377653547401913336
5779,-4679,193804125,-1406892035,74073488797581,-5643738913379,34620371412556735725
5783,-7035,193778105,-2654700273,74150898794189,-1501823202460065,35112855862844882165
5791,19131,184557985,10103052375,67000171115761,4656382615692951,30838226772910192225
5801,-20942,196514634,-5039981696,75471624207054,-1589288597898752,36302061172313395014
5807,-7869,191956937,-3099016737,73876688147345,-1619861064926409,35360067673596646697
5813,8018,202531490,3602949008,77975003342390,1587005629388528,37436150185503751550
5821,7496,209000588,495113072,85727233730180,-1102584861509104,42805930257359976068
5827,10574,206533476,3170870228,85152424245456,1328835041269964,43697844525689472336
5839,24857,191259189,9050153201,72661410481413,4287847303258217,34867280213365384509
5843,-12661,195033029,-1588128751,75167750215025,274352472790769,36831206164194974009
5849,1506,183267782,-575448846,69797559734102,99529138864386,34166193123369072182
5851,277,199301215,1211683957,79315496548063,408669638437,40171252174065717535
5857,8999,190636739,5100042179,71976654000827,3226567191228179,34589638810380300299
5861,14471,192811539,7552340411,74155737230427,3632569557146291,35963258301192908739
5867,-1761,191185779,-503491365,75520664323011,-737991150603981,37367788225434491499
5869,-15095,195160145,-3855468095,74975334786209,-127492090547855,36048435467026053185
5879,61,208894067,2203226743,84476557458431,2726759259064231,42222314693062853207
5881,-4219,199382827,2062232141,80489673901675,2957481630914381,40560202410956804347
5897,14924,202132058,832356890,82394337718382,-1079689050782926,41961737365187971118
5903,-434,213083822,-3623295776,86816163615578,-3284072423449064,43664383697977214762
5923,3005,212129007,1431553865,86932808553711,518085851004425,43708769138591274447
5927,-12117,201935161,-3824859093,79185385489201,-1554192070684917,39140424359952858481
5939,158,208891908,2496934268,85679486119464,1987446140068148,43425162289889893128
5953,2327,210577363,4284347147,85734499858843,3017639667663347,43344014095128551923
5981,-14615,212962953,-6517293863,88693158332433,-3946091120209535,46236989424465480153
5987,18914,195468428,3984590294,78438499515092,668263973665814,40073714318915681348
6007,4957,209771075,-4961047469,86681288570351,-5345411144747213,44989863289619876855
6011,69,216897979,-1580658285,93914617615855,-1393290380482221,50564931673714527799
6029,-25654,217643044,-4401020416,94744543330816,-858685714015624,51687522437648783104
6037,-10848,216195898,-8791825710,94475066719318,-5831935212103398,51652878700961978038
6043,19571,218229191,9972780545,100175109081059,6410431304673401,56384861986018207571
6047,-14869,216601821,-7314974485,93770394177597,-4962391257936469,50673130215873899421
6053,14028,217959696,6119596224,95306918015232,3207962281724928,52327731087649345536
6067,4800,213865956,5627161716,89891645397108,4485947738877300,48732558371376748356
6073,-24263,226385533,-6428576891,98502368487949,-3514163825094683,53580674193585659533
6079,-5068,222241770,-1853162992,98218959865986,-2214500377786888,54327799055951868570
6089,6144,224913184,-62739372,103284185500648,732594240101964,60036870486119040544
6091,4069,230821395,-7714697765,105375444152031,-7557864395843741,59583802768482032175
6101,10250,230645258,2724960476,104224709388830,972597017811860,58759310065841957918
6113,-8494,213730298,-1374563386,91631915252786,-760530956029714,49667054862649893098
6121,-9242,236946762,-9138696878,109185703414578,-5556943883840942,62465294470660987842
6131,-2227,238039359,-4306544137,111835925419131,-3758545146475057,65489616010580344779
6133,4836,233982950,3345830076,105646105545854,1964252987214516,59263383671568679190
6143,4084,240341528,9705784612,112382220657464,9073271909280844,65420752679685904928
6151,-28629,217501285,-11542355613,96881959470997,-5555006619069669,54574495512746690365
6163,-10103,224133213,-452393753,101148353149737,938710222984687,57752955223892541993
6173,13134,231734682,-721832130,107274714289458,-2567922945699066,62028340146625951722
6197,2393,231834591,-10080840547,110248036833039,-9078145889521147,65225146053158703111
6199,19791,235203767,8256365031,111032653224119,4716320729886351,65448404296015874447
6203,26166,239029120,12331493496,111519696393076,6269347435732296,64641437215162436140
6211,11643,235896075,4684763139,110829081330483,960778486006683,65030518980845881275
6217,1375,251220047,-1488881189,123016017516647,-1629014638031285,74311510841804665607
6221,18287,245839377,7538541623,119167674286809,4221256353771887,71300439226459426737
6229,15825,224617765,8326436697,105119685055165,6480600841222785,62780236057949361925
6247,24384,253454574,15582357882,122572826899818,11393757785591034,72482014224068864994
6257,8913,238026797,5850128451,112062156919961,4808137985368443,66038793601438186697
6263,-28203,234505533,-15410327877,109282966485849,-10953396542426013,63972659921460560313
6269,9797,242396693,7173868751,114482942962841,3650431580690207,66987396929088090833
6271,7635,248819385,-3341848329,121956700745169,-4658822864857425,74740553460458272905
6277,12709,242456829,10307825521,117632420105949,8462352407271289,71433035793790595589
6287,-10949,240626733,-11410446491,115648154581593,-8886062513843939,69487614235000192473
6299,-13032,241203842,-4194019332,116277206202242,-2841703057044732,71255123507961995642
6301,6367,237679563,8115879421,113445008222559,6603758731125277,68074588904784972903
6311,-6327,256350327,2887904973,126159582282927,3828836593945773,77500559961916390527
6317,16203,240445967,12352274589,115185432530339,6555615461547213,69225311739033437627
6323,3171,248283669,2672154735,121959343728117,586088225595591,75409351115112346749
6329,6305,251729143,8540756339,129759218050555,8560799744285915,84487756380482203483
6337,3974,248125278,-3890855440,122563791470130,-4176748251440776,75770671709901737538
6343,4640,252837658,2885812484,123053774111026,637374042691700,75026416514549602738
6353,-1576,261273740,-2118750616,131211365047460,-364901098080016,81202510319910108860
6359,1093,250443273,-1385705777,124194296094141,-2056184355540497,76507946256127322613
6361,-11716,260151518,-4601233096,135006531934118,-2530578332894776,86753933295471112598
6367,29525,254325631,14662093367,127718710091275,9129668872071455,79869322433884139851
6373,-1435,245536157,-1618406575,120573866732933,-877977709771135,75259173610976740517
6379,14182,240337514,8477814400,118795043287742,4487186712720352,73591520976874173014
6389,12681,257771163,-557509467,131642417479035,-4118306016406299,83436344164906608603
6397,-13494,257961904,-4832648316,133537858651564,-3123588758210244,86461430415871005484
6421,-1672,252835728,82246094,129714304066212,-404100317632162,83268539555501263068
6427,-1992,258186774,-5864095242,137253581815530,-4594442727108882,91666539381769614714
6449,-4728,269251636,4725440808,143190134918116,8452081753787112,94782910204329600196
6451,-11918,252102146,-7748373206,131111316323618,-4378411460199278,86910203126816239226
6469,-2260,272774802,-732699676,147045161795178,457255993142180,98434341985700698122
6473,20559,275415477,10369446933,147753875590329,8543812050484869,97856402069021671377
6481,19619,286657435,15324234935,158794870298011,14286148569253319,108515426662550203195
6491,17797,266146781,11595911893,140867288750309,7416596059934557,94616136929762172221
6521,23413,260726637,23813655829,139007552768925,20697031473628573,94185870878863465317
6529,11807,277757253,6790333217,152547583422249,6341141231562497,106077421398470736033
6547,-23957,262807225,-12582765653,140286199506961,-9502413963865157,94726894329541034065
6551,-13373,276988427,-3930545459,154118491728527,-328747486490003,108183061398414954407
6553,2804,293421412,-4513012924,163509397187524,-8245030780345636,111838140016869236332
6563,26867,277104399,9849030473,153824247442515,6294310677979697,106122499645254918579
6569,7262,276057290,11635103654,154186348100498,11918042521623062,108690621846460498130
6571,25584,286488224,15342396960,165103356103688,11381795336872944,117517566179892528104
6577,5408,276140614,12213251414,151749842273146,13368175685863718,104160822545135521474
6581,-3985,274350413,-4292376589,155071533677213,-6136463593199125,109583859916164232613
6599,-11697,266141395,-4953168195,145620342623071,-3299890226143107,102234946230964899415
6607,-28303,285647111,-17965697323,158664132482135,-12119699639366923,110999459530253720711
6619,-12599,298934725,-7220805095,176164226415757,-6423764353411919,127387459627673338645
6637,2631,290446889,389877507,168203246386169,459025183642371,122602923815793788969
6653,17587,287867709,-464513381,168639867689685,-5779073978844773,125535564908916354309
6659,-8275,287035547,-5301489589,164497491710423,-6664882766592925,119455943551486261607
6661,-5866,297788154,-5144440642,176381544387042,-7136645429761306,130112664506735806794
6673,2537,295618427,6328736465,177740006616155,5817720112660337,134073573541938707387
6679,2797,299358091,5584544809,171141973748587,3480871560407137,121613167507570882291
6689,18466,292973622,22361693656,178915964196066,22195711486439896,135311135949159519642
6691,22350,303865480,15250469364,181839199425028,9798004506342300,134984774175397256740
6701,-1049,294714863,1443220117,174757818710267,2473265845040941,130155020248304899403
6703,19326,302592468,19869958800,181229231305824,19167178380011976,134976914768134631808
6709,-11467,291266349,-4981140319,171435706495869,-5433325542189847,125886950903740135509
6719,14192,304339256,9143987954,186851734672244,5640458213162882,141419824533277653836
6733,6578,310225282,8330743706,191290036327378,7340794466588618,146866660020305334322
6737,-5486,310933486,-1740690422,185625830697646,-2225610541642526,137993891544582731206
6761,17133,308715871,17407474899,186193975073299,13153661426408403,141593936987704380571
6763,-9927,302552133,-9466573587,179702757360669,-8809373779939467,136186108040509909173
6779,-1827,327486517,-2212926081,203858147314513,-1540874741716497,156021095130838998457
6781,-31783,337856401,-18201427411,210257114533561,-12878773356859483,161078442317728407361
6791,18164,306367342,14416948448,184272917869558,9884291809347104,139144554987217130182
6793,13231,308892253,824753479,190791273633781,-2392160620405409,146765763752055296413
6803,9909,315242079,-5624929857,195824482181955,-10854036549968721,152481955462474040139
6823,-9866,309746026,-4336811054,191184989086066,-3870824007724286,148051059097035270706
6827,-32858,310359072,-28060962704,199493912466204,-24370240604233688,160807159964420414892
6829,-22356,324979644,-21004427034,202218908631240,-18522281229742626,156311136853774603464
6833,13680,305702818,11428914456,187477280278450,6906819179112240,145044329266750065658
6841,-12656,321812694,-2408934434,201531599008746,1641333242968774,157479750715618830954
6857,-8433,312318003,636206643,193127521566291,2264216138119347,148659662024613708003
6863,-9351,315894899,1522925529,196791189750323,4752158424685689,151409009721458842259
6869,-19360,314666426,-19430750764,198391859624714,-18607862479123540,156177087000371775746
6871,5397,327628913,-761306523,216321197273153,-240140804719083,179144863549194292913
6883,-13787,320664391,-15656266541,198956474320219,-16696410301686197,155425611180969278971
6899,20741,328285307,5776399385,210256978216547,-1408459026304519,169316739267178877507
6907,-4003,329016989,-16159144669,211087513008473,-19081987772370853,169951517578991309849
6911,33062,331292174,28154460674,217232555206262,23095270785176282,176494449610046393294
6917,-971,318864649,-1304135081,200918868060949,22142993288839,157225093177046883229
6947,-29724,339735306,-22167196854,228012029505966,-17008759755815214,189331105147280091966
6949,-12802,338253072,-4552738390,220860863640552,-5097140119193542,180202681941866607672
6959,1570,351412148,511455724,239574796213376,93966554055940,199527693484736155808
6961,-15632,324680306,-6530658716,209036989578410,-4091515527887372,169331590430192629226
6967,14307,331193983,6278368569,220501155172723,2288767781049657,182139949919623216843
6971,-783,323917021,-6013272675,219236757812725,-6989381674525203,186093238028842788901
6977,-37337,343241851,-18926255747,231270364358383,-14039120181879107,194889429907486041991
6983,22246,330737886,7865126440,213837854728026,361414605557056,172436636284738387386
6991,9170,321267698,2908396982,209116986877322,443662596466310,173177072881634833658
6997,17428,333249890,671549014,224914149281678,-5097224288201402,189273330818246392790
7001,-20728,355314498,-20942809312,244788333865650,-16996053050757568,208837181341078503618
7013,39058,366348344,22972808860,262838595509732,16806824138617708,230346131260635183644
7019,-22972,352886660,-23782242226,246229696156088,-24426792848957962,213336895878846891320
7027,10206,345849464,3166312038,235819942328912,3712351274736846,201080776764401861624
7039,-26968,342396336,-15864081352,232055363705400,-11625884751507448,196608345914457428136
7043,5136,344415686,-29867412,237630468177230,-1392816761864124,205035374125190044166
7057,-5577,341876185,10761517419,234161552342641,9329721936884883,201161024335373620105
7069,26500,348924384,8622049882,246730867143324,4402346714743570,219008477249864265324
7079,24631,358483935,11216998153,256763538758211,4479924377242681,228212289957818917035
7103,9194,376760782,2956701380,272309044618858,599868760140764,246183188218659370042
7109,-11782,359236096,-19111887712,251377748201140,-26922840333950392,221432889441632168356
7121,-6348,354682394,-3791137014,253287067033214,-1735912195854558,228926823681470064974
7127,32437,346105633,22151331097,244433221471825,16222793344150657,214192767583761719113
7129,-9351,348547723,-2386185699,238382965197187,1811179124177109,206486382258839358043
7151,-13340,365288106,-21485424542,260131159804110,-22838248368143870,234620651784563207766
7159,30419,362956483,28747186199,256902008450539,25398275086575479,228421580734476221083
7177,-31252,366202468,-18270066784,270428033525788,-12641894247666472,246687082129600858468
7187,-213,380001213,-968892693,285488858827101,1411678255130427,263208129941478755373
7193,12828,343212962,1274768376,241808435092418,4293134084980968,214777985442798223202
7207,16739,380634985,22234691483,285377586830161,27817833314442419,264149991449971434985
7211,-10348,371986502,-12070071904,263005057702622,-10464453559645528,229865029687353510422
7213,-18354,365489234,-11629062972,273311304323750,-16920624387818964,252751329544483165814
7219,-17278,358385856,-5410470646,263091735989352,-1316652565984798,242867816729151716496
7229,24603,387055299,26214557043,287348646595803,23988029690178123,269848133796953447379
7237,33899,363029375,26330748833,262561617800483,26474284848530369,236110905763027696475
7243,19269,363491623,17927108553,264462420498655,18443347787977329,240847280421261947143
7247,12211,398799393,1667704501,308169609434397,-3548227311879899,296971625906549155173
7253,16268,364628688,11572520576,271513499853432,14448651066393608,254235344005386028368
7283,2223,388802371,6419507439,309046118764147,9785941209575943,307659553896184296571
7297,-11813,388979655,-9692225159,296752819172907,-2358991931958143,284874423248028781755
7307,5374,393719268,12368823910,301109158148868,20869870448797414,288317795640255030948
7309,20216,387518248,16674117494,290187599849020,18331442901180566,267850286330754141748
7321,-37902,394255332,-51252908292,314160807435168,-57029674131435732,315428727388824041352
7331,-17843,401958301,-9810730151,309666986757469,-7636331494391663,297264487966715434021
7333,7070,391975590,-5252483470,303287298241518,-4242278494041310,296473327539826446510
7349,-6979,393126439,-1846761445,307925207647435,1748120703469211,301835699962844146099
7351,31362,403778616,32516746632,329880512942676,36604863695313432,334357080274164847836
7369,4507,402702965,14515421557,332504909989553,17212611175350757,342000229516658504825
7393,11319,369772749,930703299,288949765743933,-6135494225117301,288526426045376939589
7411,-20845,410355503,-23941986001,325575131494439,-26931405897981385,321634369087796651423
7417,-10926,396478538,-3531605934,308516033269682,-3025481108398566,302723583812388690218
7433,-21302,408107758,-19453997834,334501996874758,-27002652710498162,342721069206237032158
7451,2455,405456397,6215080465,321528028387609,10210675110640825,319263516373537553017
7457,2130,420551868,-12500357676,356044344483072,-20893634767208460,373922921245432496088
7459,-11739,392315837,-14384374131,307655737626701,-15927878626949379,307007136362791021517
7477,-30749,404535435,-29108351975,328820122237815,-32231716128011039,332401610080419965895
7481,27810,420127718,11120613750,332776895023286,1359296216472990,331875213307495463198
7487,-33809,426002593,-41381118497,366644388753313,-52851674585639969,395737365202636167073
7489,-2246,432000172,-13016991776,364786130646712,-25245212937520736,380905179634095540832
7499,13707,412995991,8686281321,345434259444043,8424939358364337,358271016307033121851
7507,32905,399461407,13525326031,315594070457539,9006719610594655,317005920450801130267
7517,-14014,437527726,-5574610336,361187399707978,-4404107267961304,365981974060944402586
7523,-11089,404698569,-2136729379,323073585152949,191807907742541,328488451358340522429
7529,31642,434902948,28893641416,373836361395568,34807741150494232,401128801691317347448
7537,-8951,400671175,-15864520895,334749273790855,-21955092881136791,352539717279909107935
7541,24977,429233183,22269542717,369015150154151,21286855006314797,392299519664880829463
7547,24127,436026035,1363680091,364142437534835,-8237109396047093,378562848330554661875
7549,-35790,394224296,-6724147320,313391142243068,1127953573833840,312987440902427786876
7559,9786,418947022,18163556976,355637226300082,21511337817434976,378713123485121532442
7561,-7868,425146770,-1999847738,359691317083230,903014659688182,378620442834624065190
7573,-25472,407276634,-13072781582,343185107686254,-5380831949685542,366716490043824163374
7577,-43555,436381009,-40073095423,371037560416681,-49991702182108855,393122960828693485489
7583,2447,438658299,1904561315,374321965167003,-2309173030415653,397784930105648955219
7589,17323,445760701,-5000680481,399580248982549,-14967250362526577,448451984429236553221
7591,6575,427806557,13901440907,360100661705237,27732977796036515,379903080979486455917
7603,-4909,415470659,-12747303361,352862437419347,-17903233308431329,379423649252823678419
7607,12948,438254124,7960877124,374487407385900,7043160737762388,398262764939946934524
7621,4285,430336707,3517902823,364535775753087,678954755257975,388213359309397190727
7639,-24201,464742843,-12198874335,404987111221263,-4765921006295991,441271268808086487183
7643,16340,454239904,26261328524,397344297230656,36352707471216020,431882088297992227864
7649,-3107,436911543,-9475705223,374699537392575,-22627826773809287,405079869118205878143
7669,-11575,460393909,-23632767805,409050303138601,-39687897810515725,450617497769772567169
7673,-18581,455706803,-32154374927,413928211997591,-40486048247287391,468113612034712895663
7681,12415,479481461,18215502079,433405665591485,37042533532301935,483533734064448711341
7687,6025,443882733,-397325453,392738482854729,-14289419791481645,440324613304287832353
7691,12590,440310250,21698499716,375772756918270,31168838080489460,395817095675672870470
7699,42726,449470916,46883848440,399450123765656,61453621385203776,443291429922701672456
7703,-9967,454176149,-23563289077,402022148782457,-29965943440684357,445447913059433761649
7717,11959,476615847,13765794373,439855030970403,7542559540994989,502313671439050539987
7723,11318,451628930,11702859848,413714301881030,18704621316683168,472496919897685271270
7727,620,451971884,-2184178168,405865741913540,-5745349597950520,457684437218133783524
7741,8247,441164837,29341908987,394075396652117,55192417387736307,443016646576666147997
7753,-60100,444378142,-45388214440,397005903950374,-44772750300660520,450739785976931417302
7757,-40826,470603130,-44772533930,441655929844818,-58903674689364266,520007736672388141170
7759,-29577,454526207,-43974421647,415132976001587,-59279388052387407,472088259960699058427
7789,7184,439736652,2022287252,397580099217852,-968429719130956,452062544949438744732
7793,10506,434712902,4119293106,385444076863718,-669330138948414,431741995509741744662
7817,29476,484600382,17572590148,451829472168038,13350066654505636,524999118977218489142
7823,31902,458068976,13762086714,424344268236128,8389511227079802,496429211142567135056
7829,15999,474716023,33427346823,455283448351639,58335793386364359,550446933694951661623
7841,-8437,473279667,-27772899439,448830051269991,-42251638100166247,535657537422286007127
7853,1589,451036209,3321029741,409039848905385,2185749953153789,470482830568739162649
7867,32142,495072232,31463475774,485142087407296,38434007168671302,585686898471892709512
7873,16699,487521325,10107902389,465358095293257,9443117770466029,554657960023866842185
7877,-27549,487201599,-46165117995,455587959314475,-71491206267226539,532858131650437811379
7879,906,454336808,-9061821168,406870833763100,-15024406145808264,463592793286223380988
7883,27698,492848844,28077162290,475027415621076,32969254240545818,572244062516934736284
7901,15264,473542188,22358962110,454785124404936,31590571090878894,545307947645412273408
7907,3913,479410323,12425353117,471169627220619,27571157014704973,573232888293199833963
7919,-23667,500459835,-30658892889,493619352000207,-45935193695170977,600367134268179558495
7927,-19869,471161729,-11954003637,467401795281713,-9479600584070589,590839495245554425049
7933,41585,509793199,34039339481,494822337492775,22441281341912585,597279346310039657239
7937,8047,474374021,16042687165,466960760451929,25291609090528597,577574694105212868281
7949,-15956,501178752,2821842418,490350978197628,15639493644378274,596234251671657631572
7951,14511,484556817,25114113345,486990199402749,34457335619334681,608055477693895064877
7963,-17627,483920745,1242528871,478876628939421,11375848925499343,604312286290012970685
7993,34302,486531926,13354072560,479461628590754,6744627241290792,599116677931449872066
8009,-33985,503328055,-37241924713,497104277835127,-47054085416108185,618046008670834699495
8011,12769,526893769,7704627079,538515711694165,1360338599321599,686328424674133889509
8017,25014,529052894,17351109318,542694515307494,17904084309787974,694657611641472137894
8039,4737,520021491,26230689585,540992816802771,59133427181071977,695020763635168168491
8053,-33035,475476425,-5634828089,469128158072333,13373034334448935,590434985147781726485
8059,-7821,534814539,-11483154615,567392883496959,-15314914785521631,751041691060202209359
8069,8971,507408303,-575676053,505259451856719,-4047216475417589,629535725432474512623
8081,-7136,516419030,-23057462492,525857674634966,-50559735318449036,673004600181925618070
8087,-40073,503736465,-47783817191,514903740846813,-68742495368754023,663687979454921151525
8089,9487,512798139,1409299333,535236081020151,-14772687348253163,710618247299144038719
8093,14327,503892289,7983451013,508294850521357,18079825367881037,653695750289030741389
8101,-8920,532882956,1435396244,565998980823972,14739597083562860,749639633875947640716
8111,-28318,545122224,-34121651056,581850151436940,-45644361619843888,778808532737642564244
8117,14081,506103401,30294224423,520583753226413,55555689355686911,674700933634153943501
8123,-18327,536252325,-40938741513,578873232862977,-81296541437437857,785558804609232903825
8147,7550,528461976,1025305514,557341633275624,-7219106707506550,733114653185350959576
8161,-44331,529540751,-34369872459,580986195922319,-43772900789475291,798133069343207058191
8167,22823,539167131,17356194773,584893731341031,22537367236980773,806362376890705699071
8171,26896,535781386,23355519310,579890910085438,23386790681942326,779220603283820303086
8179,5817,521014095,19265401557,557221796820663,28242264964272117,754110827090002857495
8191,-30835,568279441,-18970325041,619407127860949,-10338584622048265,832743217013375047141
8209,10899,513002475,-29348223105,559172019228579,-80685925895833281,766614455722889801235
8219,7034,565806756,-1426726588,633971002433880,-24959069866756636,884972565280794505296
8221,12712,560112530,29544303742,609426038540510,29385940190468422,831004596779135789630
8231,23591,557142203,41419720319,603916340306411,71796379050809591,816733386532861521923
8233,-18743,542251641,-26639627417,589089522309981,-46644209695544753,794380894399962255501
8237,-26384,542574516,-25379109278,572757369031800,-17530383830636774,770152704815313898296
8243,-2608,560261788,89652608,623778095198164,11504750839244912,865384438241044652068
8263,-46206,534960370,-32510592714,604159547116546,-14802941878075626,857438658091569734290
8269,-3033,578061161,14207269629,643556202418925,30794597078387637,889855691155541904221
8273,-1283,553018757,6829298029,618635303255957,16316932051214437,862100218710523578317
8287,-40995,564910541,-57932283537,632352629791193,-93511287038857785,878962422106828463321
8291,-7883,556978213,-16842807059,615632874544429,-29992361242067003,861000932490417036373
8293,42100,621683430,32245106944,737645880921990,26266363902136120,1060382993914160971710
8297,-24393,568809787,724820793,645999880820599,20325432186582537,907852391928904276447
8311,14846,598514214,12746277398,671433631097670,21831824584211126,918760678174623187014
8317,-4737,574001009,1112389875,670014975148193,-721224298240317,968579993498895105089
8329,61508,541163356,57243950792,587323353168652,76890721832673368,804918867369695611516
8353,17608,619886968,44920653196,745012148643160,78297796838656828,1100392899045336956968
8363,-15553,565927701,-37572773227,657841494222321,-85934288656277203,952386026617031871201
8369,-10049,586952103,11659442767,663025604012031,58996120031459071,949267650845939176623
8377,-30267,574205521,-37570473429,652034353358221,-67955582210243397,933321452952141881461
8387,14090,580347294,25557054290,668045187730278,44158944608207810,962311035630300530934
8389,-21657,607128727,-50327654541,720223504087519,-95903372307525837,1070357328393669874447
8419,38737,559126101,31600539559,635993550451377,35547459211297567,905485994789050471281
8423,-3659,579277595,-13245927521,669790484669087,-23596733881002209,966598814464923478055
8429,14699,629911343,-4076922187,771271918797227,-38272715380009411,1175726253131598666203
8431,-27229,599640427,-23488362655,701085995521615,-23194100768685919,1026717763426291243927
8443,45490,605763022,48287181124,728852743109386,65590113700397740,1090859007767402306842
8447,-24061,613468743,-17796314521,706460982529431,-11989644784852561,1012328508585674223423
8461,-5063,619588525,-7195450235,755656537751485,3584022207653797,1163074898951522731405
8467,-30349,611165869,-59975954359,713640018238825,-121354605543852559,1048126670244661761289
8501,-19024,629090850,-29441706526,787494818251926,-29719804169578054,1225968464361849691830
8513,26622,627848870,49384437498,755522014561214,93828561531063642,1129853277658972462910
8521,29604,608065850,22454384010,734194377030758,6127211345669154,1105149277998410154470
8527,-28310,613257968,-40827643766,751968032125856,-62883888887521910,1159974024316101552608
8537,-14298,624425614,7591677468,774151251347866,40052149286193252,1203325606494235954954
8539,14851,599672385,17420115025,694985582691693,17760374564084881,1017003674986553200005
8543,-17469,626424617,-12877186347,780788751516341,-12318685498600899,1207255365331958673077
8563,12700,620003620,26583315346,744241854644848,48559539869622010,1116380282611023705520
8573,58093,614120305,59634025471,746288348571277,83653284485910343,1137189436355096557885
8581,-3761,631035395,-23547758543,770957988077183,-43026569412951551,1183825523250916709735
8597,-6532,635914480,-58435507342,806803578583780,-151304216384675542,1274391366494593859860
8599,-2439,623263949,-6593975085,777662704915217,-5534916944943309,1225835814063711803129
8609,49598,667661706,69165621848,869497883947302,156561381574581728,1395122986240939406406
8623,-12926,630752890,-4475414450,783972108225658,24516790729713454,1213055923412274813610
8627,-25749,655674307,-56176257711,841769420739775,-108565748909769759,1356894587337877740967
8629,-16570,654074768,-20953414366,827557417466240,-31967902072377190,1294887999053450129048
8641,55803,622061849,49259475171,781110500585825,57117051224654043,1239545639157855105449
8647,-6326,662256850,5656423600,845714118826342,12372529171225864,1342286408624259625270
8663,30245,656576811,39336868403,867755849378223,49371249266338115,1430739812307709229271
8669,-11003,684105217,-29245290521,926117680090333,-87120171989464073,1540268658525022687477
8677,-22365,629061417,-41412168843,814069945915821,-70739711923110315,1329067618029692321877
8681,-932,657287706,-19058071682,840018893766126,-37911597934136522,1327999003648050305646
8689,8601,672393435,22277861313,881316305560971,35316563647307361,1425907638987015651195
8693,6588,660666212,24382482774,846594704763728,11812997095381518,1351996680154098019472
8699,-26133,662899825,-44900375481,859490239144681,-60992218504369473,1382164908864176676385
8707,23386,674966562,16112428672,876537713100030,11374397775154336,1403013594676034691222
8713,-4832,680114472,5861284216,895026266256984,14270776406276008,1466379294509133350232
8719,-7404,610223276,-24541848204,762580575000644,-40381608306605844,1210894604879707583756
8731,-15183,621999731,169216617,770955295159667,15256058447362617,1207226812394865907811
8737,-43193,665322691,-71016470639,891054762675655,-137694849054307943,1502659431510641462551
8741,15461,650418605,21723040925,840397126998005,35761478844466181,1366889734011625743725
8747,-7666,666586430,7305545606,881909294774942,6440000772402134,1449452733527911476110
8753,18858,668334594,19396536306,898061077690074,-9859910100599382,1518999523600973011314
8761,-24602,662985672,-36294380882,889813379451408,-60255596466498962,1495676864750344515312
8779,-5883,659289681,-18791714721,859170930035421,-48439451929740873,1412213552407582864701
8783,23431,686989657,21355033609,940475890923901,46590388894670281,1597316236685404321477
8803,7257,685281441,-18270312531,936745813853457,-61615261996843203,1597157618909460729921
8807,41845,694069799,57554658145,934480026026423,88527715923228505,1563064101503202879119
8819,-32269,655864685,-18911475967,870104098746065,-2237177157068839,1468335421984688158865
8821,-526,719048206,-11312195494,1009676626417414,-28235259045968206,1765921425255739515646
8831,-12320,668952900,29142137500,877066398127500,85602634478987500,1440615770731251187500
8837,-22849,664989669,-7307540311,879374184254529,15951809469346361,1472655433298915863929
8839,2371,663165671,1508290093,888932112196187,-12651170871118139,1489240158512679214811
8849,-766,708506386,-17324432218,981626061458722,-18850626312697186,1689537035438672147866
8861,9434,703405058,41035591946,935716340948378,68647353408942194,1533151653299689591058
8863,19538,635922648,38535574820,858344567719884,85047021021920108,1475246710282574255628
8867,-12665,691285191,-9203440775,906813816298347,-13826185675451015,1489136514360910272531
8887,-10513,706549249,-18263711107,996974042979061,-635694016065163,1751028678992839241269
8893,-14476,700487688,-24632173318,958373687054364,-50732269011861646,1630757454950086742268
8923,-26261,709401787,-42287939045,993414442879027,-72857694602542541,1713899671727343056347
8929,11236,726722160,47126708080,1038363632932320,109306419432253696,1828635822390898184160
8933,8007,673266901,21499552551,914678640780085,44132475189967647,1566526795976330606221
8941,-3098,729100722,-4651561220,1038583078582326,17803800123992092,1844211344655234929022
8951,-46740,724659612,-36788211858,1043687915852568,-25960819542530970,1843632079719515737512
8963,5607,684554821,10506929295,944816519105077,17175392355487047,1654437170107810894141
8969,20757,722259131,58438562871,1027414474104575,117908127315271167,1815830180475295779791
8971,-42454,731954732,-38824294144,1034600544684848,-32384560052927344,1822092348126750999992
8999,54504,701505086,77657229492,983862344119670,128284919911019484,1726344317845590894686
9001,-31344,694372552,-67312964496,993937181344336,-154953480361738824,1818901610992475003992
9007,9512,724056822,21267940268,1069233121281942,30257070241606412,1952764512459851868102
9011,30758,774236842,43137557912,1177781739741238,82217374533044048,2215793351533282018102
9013,14713,725988345,24765162805,1031157922699761,23599645477923733,1850050729255220631825
9029,10505,746288921,24123487547,1065510534227501,45333176800873595,1894451665244149161461
9041,12959,728605133,45264237863,1074239660175005,112176718356254039,1956361761406566872573
9043,-5820,782170460,-20169134496,1176289416506900,-43616643646563240,2205772878160703424380
9049,15624,740031090,6704313090,1083035415110238,2516749233051834,1965871620012656314110
9059,36045,734764083,53499535797,1072427112889131,85617342460021845,1962589011939820011483
9067,16670,781914330,27050618636,1174006416603774,52807681336291820,2177066603881712271750
9091,-718,733316632,21293569826,1065500705920768,64671197478043082,1946789180586357321112
9103,3345,718133023,15118809153,1048388496415951,35033439005562705,1946854729028417062543
9109,1024,724999816,-23106949082,1092239490898012,-68917397594898266,2067084574736491103956
9127,-35062,787194262,-50282423848,1202321021516506,-123228735073580752,2247229119466001637802
9133,8263,773768329,50460771619,1182203450513329,132574451097780523,2269525293456246048169
9137,50884,717372266,87472056394,1054067982790382,176031198007341994,1951735091455930714166
9151,-20468,737967366,-22578138002,1084281157251378,-29584021765532618,1985927597908578600066
9157,21081,745551555,-7035424587,1110975161056131,-71444884000040859,2085530440103507192355
9161,-29994,771413454,-67704888162,1193175856026918,-151858938846600714,2305695225840068398734
9173,4255,773796575,-6199303415,1172306381450339,-48449597160301055,2204863063960849846355
9181,3030,745432348,21517077600,1117135775960776,604252379979960,2088559270614749245288
9187,15834,742473326,33511502004,1116563492391890,67167106758850044,2130405352392921658226
9199,2142,743473182,-36080699766,1115685839472990,-142936831378219518,2113080444172279425222
9203,6573,780388681,21765630579,1193876369714149,38982646574616963,2262579789728706643981
9209,66307,806203637,61005374395,1260546380522789,62544729931774627,2455534363449198659357
9221,-39774,762870146,-49960850514,1146024029619770,-91404362763171834,2166034865052257032946
9227,-6962,770825680,-36908179442,1219361349925864,-112707711823449482,2421400423707186437920
9239,-3225,755160519,9888785277,1152938002912803,37175779360809885,2213023400797197928299
9241,-35418,744719174,-172372524,1161474930108338,73393297401354252,2278842473568184566194
9257,19500,767309148,5346938286,1181732443536672,-45253400385345330,2309036246223083428248
9277,28989,750494705,51890445795,1131947956804901,81483808207828419,2177464758040068579725
9281,-26934,769239500,-35312502846,1191731081542796,-46924373891448174,2327559828703872542540
9283,29933,807338657,96973145921,1285218965366393,238760752768215113,2579270812207010498897
9293,36420,859617486,44128813284,1422030569068974,81505730394186180,2920127303599971408366
9311,-8071,770369235,-6214578127,1189703268720627,-1055687198128111,2308218320593303573875
9319,6697,844000523,-10462284641,1406078286761087,-60138232142340473,2921874897844891897343
9323,-6284,763865688,-6134980466,1179679549512204,-3550336467611474,2301328481765046257508
9337,-11944,787525818,-17648368066,1260558975535590,-33482660196680194,2538473098331790310158
9341,-15158,813662106,-41012094176,1355490496472454,-75409672048833248,2805775786822268842446
9343,17816,826147636,-10871259622,1357698519068848,-60682962458007094,2781753171152649910936
9349,5795,811727665,-17692148443,1292437061421877,-61631175744205555,2544688438938022256005
9371,18161,811636777,23262856715,1278215801203165,61993342229699771,2513127636950188152757
9377,-15951,806730581,-22537363059,1289952795056621,-45279139696492851,2554767464314024625741
9391,40157,825365123,103653169925,1358263440410123,253607971288963397,2787541968122548608443
9397,12456,834816580,-24601290624,1344603328438564,-88317859181794824,2688851539803601747660
9403,-590,804467194,-24384597284,1298823899875318,-75653846510513540,2608207659053290844014
9413,-1646,827740802,40095312184,1379884718312486,158055246127018384,2884020273505089597542
9419,15231,867540163,20956325613,1451463846905143,18968642756615421,3028458063709108281103
9421,8499,788111875,-8880307875,1266394697298127,-21408845259034971,2573435018360523689695
9431,-25473,822337195,-44161671081,1331957421474691,-101041130415396273,2746339108443136078555
9433,7134,829615032,-14098379196,1400380973102196,-48814144784329956,2977282331908222980852
9437,-17476,846905794,-13231733830,1413509623610590,-15711069497890126,2938416287788704137854
9439,-30340,818403300,-32561129734,1382761617032952,-61776948795885550,2901658111817241779640
9461,28631,803129381,-23028931921,1310307818816549,-168532171364545729,2720699453222537679221
9463,-15362,822943672,-76510840988,1376513811467284,-244225058579751572,2898887405091718451572
9467,-3426,827032006,44741594460,1387160012450554,133194866005064004,2898615104086748792746
9473,-49545,808536935,-59107485705,1305446025210431,-74098052384205345,2674550386663367969735
9479,10641,846632251,-2251884849,1395642900305455,-6460895564302209,2901378679567304721511
9491,-1838,834447934,-4972945586,1394873732750950,-54440441907512738,2915211303025853842054
9497,-30100,836522350,-1429143928,1364582764678174,93689556890093720,2792854940823790286110
9511,19897,821614315,62044027189,1340932551173107,170471464878204397,2735811320057043649435
9521,1878,849331520,-19625098242,1433588544676880,-77395755578078922,3016100316734035008920
9533,-7263,863744617,-63019147395,1471259360165425,-208386224628003603,3118703352977849130337
9539,25761,853317407,96501745395,1435431990118139,270898800031931571,2990624252575319640707
9547,19609,878018315,53496755281,1600058593606907,163555623989499169,3641148261100770078635
9551,-29539,885122107,-60794610589,1561286905992271,-100546072527199909,3442525992949361420767
9587,3116,853476200,49103855360,1476338420882528,195746412391890176,3181061369702141429120
9601,8947,825002529,-15203786909,1388429773727553,-103582016860200893,2983570525365303520209
9613,-70368,883643044,-151525302114,1543557971360080,-357167278093036698,3357429060080320482544
9619,6667,883334531,24692820073,1565728454616983,45796215589027897,3493698776591496896111
9623,-4088,813676020,-16248988778,1341918717961752,-80168803485184658,2816472232926279329880
9629,-8159,863341521,64763272663,1477311843670245,245585474602345831,3156561864933306658221
9631,7298,910251398,-20494610446,1572684207287534,-94859313922372822,3357739031998629813638
9643,2437,938195311,-42778757717,1694443579946131,-128833068854879693,3764895838553461027891
9649,-18344,878098786,-52818237980,1551699684124810,-144390186830976164,3479699102976173039506
9661,23087,926015645,66103065833,1706526645596441,200330387344552937,3919341535095018537905
9677,-4713,897219235,20772762831,1564839020849035,127064988224521287,3400040002005544690915
9679,-49308,892143074,-110089907172,1525248906309290,-314451197814462468,3286542284024090603834
9689,22749,877653337,76524994767,1578611319408733,233584218259880679,3548821258068977951437
9697,-62646,877400350,-129504365298,1563854164956910,-319883784940587186,3577908408753557146270
9719,27356,892691230,47942246570,1623228195349786,101713535796252266,3627249976053501920050
9721,-15133,909220219,-32981707423,1602466614182215,-84957220038591703,3512823675768602789719
9733,-19845,923670539,-42730775769,1662278677515443,-125548892627674665,3728412387849595433459
9739,64698,867502176,118014641934,1486392823835232,253958663316276918,3175306516677800367816
9743,-42828,962579734,-116500798572,1797394280964910,-301187848569437508,4175389997453763261574
9749,33358,912894660,-7319782958,1652750240017740,-92234951037208862,3733186964469147095340
9767,591,1014069207,13770433749,1939275522600675,54703738002186141,4591962973281065928147
9769,-46377,937519651,-96635363925,1709514196516531,-205495060634173077,3856524281783078188771
9781,-19675,948363049,-35518698469,1791629555904901,-115715419246965565,4189915108929663137269
9787,-47074,906542542,-86848501900,1621817620385578,-248522708179359844,3651306529277242257322
9791,-6535,935965563,-33844735345,1728868889504031,-120239299135775185,4007300794225619058663
9803,-2090,921006272,16866701548,1684844391260972,26693339434996660,3857509811283293925452
9811,28821,923457659,32559537843,1724236755147455,27521065613749131,4026824792749538501999
9817,-4130,939289478,24868180402,1761921269444942,205632336017363410,4140887394829442386718
9829,-24113,915603645,-46310522255,1744281463944681,-143234718382417463,4189143539256849105225
9833,-57372,994748926,-121444690722,1852586437692634,-323738151199344402,4264052413185525121426
9839,16770,934094772,2817296586,1715771984844060,-79760798493109110,3942035021893162867452
9851,-13229,907150931,-55947640535,1630247290813799,-170717406231106679,3681166032718477792271
9857,12003,956167213,937781685,1783749245116153,31668310120925733,4134167395836516097393
9859,43185,921999625,73132542369,1732589933224777,113412800210323545,4125065080472120259025
9871,13461,1014578465,39123121845,1955777409312161,62782757439609261,4625853326642748659225
9883,23787,931129705,32280473073,1761261006899989,67523289973455657,4162761198901431469045
9887,-38575,984346233,-90602117845,1950067234538133,-258055013889226285,4784723973003499811493
9901,17856,987091810,75936351414,1907820704062654,256101459319887486,4558924377468048502510
9907,-29343,974224007,-52169331555,1795493810986583,-133627966531344723,4151912413138174234487
9923,32328,1003516410,53631190938,1976052405643446,164301972651303858,4871973066391844304150
9929,15625,947924239,9751295641,1836348656754991,18368109139079425,4506627745971203997559
9931,-35950,947640928,-90650842252,1862227030168300,-219250647312280900,4554282665000564397868
9941,8642,1010213948,-29329606690,2027560798873652,-98751830474939218,5041510442599326271028
9949,-23302,1044348060,-67457444356,2095144778014608,-214950919758238252,5194812801052675745040
9967,-11393,1027744783,-58768815881,2084188630733911,-160445260345180673,5228940009671525004223
9973,-64773,962514797,-76280235705,1829142185757797,-117445713746073033,4336182018826862714117
10007,-16427,955743093,-40087156499,1926409504336533,-101545769397174827,4916193765270212275533
