3,0,2,0,2,0,2
5,10,24,64,180,520,1524
7,0,20,0,164,0,1460
11,0,120,0,2088,0,42360
13,26,116,536,2744,14576,79496
17,34,288,1336,9180,55024,364428
19,0,284,0,8492,0,315644
23,0,528,0,28368,0,1866288
29,58,840,4624,49284,370168,3614820
31,0,836,0,43700,0,2686916
37,74,1220,3656,85064,127424,7565720
41,82,1680,5752,120492,556912,10582140
43,0,1676,0,148796,0,16275596
47,0,2208,0,208800,0,24682848
53,106,2808,9616,278100,1013176,34260948
59,0,3480,0,418248,0,62817240
61,122,3476,16424,443864,2971232,71552936
67,0,4220,0,525644,0,81031580
71,0,5040,0,762480,0,143652240
73,146,5036,12296,646304,902816,100445936
79,0,5924,0,987860,0,205761764
83,0,6888,0,1075608,0,209127048
89,178,7920,22792,1379916,4385248,300398940
97,194,9020,42056,1834544,12225824,465530240
101,202,10200,44368,2049012,11531512,514510260
103,0,10196,0,2085092,0,530732276
107,0,11448,0,2327400,0,589829688
109,218,11444,41336,2347256,10204688,603781064
113,226,12768,53416,2915100,16902016,831871308
127,0,15620,0,3566324,0,1012861700
131,0,17160,0,4394808,0,1406202600
137,274,18768,114136,5459436,46505104,1978449468
139,0,18764,0,5287292,0,1859461964
149,298,22200,107776,6418836,41105608,2317744020
151,0,22196,0,6537476,0,2413022996
157,314,24020,127496,7322648,52143104,2773793000
163,0,25916,0,8453516,0,3441034076
167,0,27888,0,9806256,0,4299409488
173,346,29928,105856,9647460,45277576,3866507268
179,0,32040,0,10976472,0,4691006280
181,362,32036,127928,12025256,49615952,5635035896
191,0,36480,0,14659200,0,7345438080
193,386,36476,166856,13923440,82369376,6668795456
197,394,38808,255856,15820596,170153944,8052827508
199,0,38804,0,15229220,0,7446418484
211,0,43676,0,18592172,0,9857095676
223,0,48836,0,20802356,0,11075470916
227,0,51528,0,24138360,0,14121158568
229,458,51524,309656,23660744,223069808,13589899544
233,466,54288,241096,25451820,131590816,14915218428
239,0,57120,0,26148384,0,14933618400
241,482,57116,306728,26640272,192115712,15461934176
251,0,63000,0,30283848,0,18160977240
257,514,66048,132616,33816060,1966624,21641681388
263,0,69168,0,35438832,0,22680726288
269,538,72360,359824,37961892,246281848,24878607300
271,0,72356,0,39441236,0,26951754596
277,554,75620,310136,39363560,209102864,25559906360
281,562,78960,152296,44571852,27745792,31449728220
283,0,78956,0,45920732,0,33388321196
293,586,85848,59536,51378804,-112673864,38420208948
307,0,93020,0,55151084,0,40711116860
311,0,96720,0,60890256,0,47910169200
313,626,96716,406376,59567168,313677056,45769123856
317,634,100488,433456,66191940,427297624,54424632228
331,0,108236,0,70835708,0,58084074956
337,674,112220,559976,74542544,474128384,61985215520
347,0,120408,0,86467464,0,77530136088
349,698,120404,701288,87546008,669949088,79327415144
353,706,124608,247336,86543676,168126976,75113321388
359,0,128880,0,91373616,0,80964853200
367,0,133220,0,98333588,0,90885978020
373,746,137636,251816,98613800,12160736,88071616376
379,0,142124,0,103111196,0,93392082284
383,0,146688,0,107175168,0,97653013248
389,778,151320,680128,118676916,796868488,116337284340
397,794,156020,210536,123769784,9169184,122979848840
401,802,160800,379864,128196828,287718352,127750796940
409,818,165644,567464,132186752,640206848,131914283984
419,0,175560,0,152099064,0,164540268840
421,842,175556,685880,147346760,737830352,154297553816
431,0,185760,0,164007072,0,180900609120
433,866,185756,708776,160181264,1068585536,172967905376
439,0,190964,0,173396420,0,196484435924
443,0,196248,0,178482888,0,202772424408
449,898,201600,945400,177259644,1376039728,194734294380
457,914,207020,456296,191561120,123662144,221596455920
461,922,212520,1028608,189257508,1234469512,210413953860
463,0,212516,0,200283092,0,235485874916
467,0,218088,0,196613784,0,221280434568
479,0,229440,0,216581184,0,255497449920
487,0,235220,0,225858020,0,270618440180
491,0,241080,0,233918568,0,283671288120
499,0,247004,0,249649772,0,315394024124
503,0,253008,0,246192912,0,299108921328
509,1018,259080,1317232,259401924,1854448408,324564628260
521,1042,271440,794488,289581804,758555632,385961145660
523,0,271436,0,290549372,0,388841092556
541,1082,290516,1717688,313849112,2502694352,423424351976
547,0,297020,0,321584780,0,435828676700
557,1114,310248,1084576,348291684,1094637544,488721991428
563,0,316968,0,360458712,0,512346441288
569,1138,323760,1364344,381360780,1810765168,560867436060
571,0,323756,0,374508188,0,541090331756
577,1154,330620,1384616,396027248,1787914304,592315125440
587,0,344568,0,399920040,0,580128406008
593,1186,351648,1512616,408442716,2111952256,592749666828
599,0,358800,0,437824080,0,667594484400
601,1202,358796,754952,419653376,353391392,612222498896
607,0,366020,0,452832308,0,699327109700
613,1226,373316,1551656,451985864,2004944096,684250710296
617,1234,380688,1516456,460642860,2180935744,696464933628
619,0,380684,0,463296188,0,704113396364
631,0,395636,0,511750724,0,827937604436
641,1282,410880,1168504,518275836,1437228592,816960538860
643,0,410876,0,526243532,0,843209031836
647,0,418608,0,539196912,0,868137047568
653,1306,426408,1218016,562179492,2184971176,926395423428
659,0,434280,0,567655704,0,927428215560
661,1322,434276,1212872,578538728,1103930432,963665606456
673,1346,450236,2145896,613614512,4090280576,1045251059456
677,1354,458328,2149216,605566836,4262328424,999519128628
683,0,466488,0,650192616,0,1132350646968
691,0,474716,0,631491308,0,1049266733756
701,1402,491400,3363952,669925188,7482625432,1140716018340
709,1418,499844,1545560,691636232,2209537328,1194353072984
719,0,516960,0,758420064,0,1390279854240
727,0,525620,0,769548932,0,1409588376980
733,1466,534356,2685656,783995288,4896512816,1438947589736
739,0,543164,0,812715788,0,1519464475484
743,0,552048,0,815873328,0,1507182233808
751,0,560996,0,811512980,0,1465814545316
757,1514,570020,1680536,851108648,2599966064,1586495521400
761,1522,579120,2391832,876873996,4008010192,1659603366300
769,1538,588284,1443848,924006896,1462381088,1815142629824
773,1546,597528,2603056,938617524,5183702296,1842555786228
787,0,616220,0,992330540,0,1994666121980
797,1594,635208,4026016,980912772,10055913064,1891488839268
809,1618,654480,4084312,1062047916,9432663568,2154260850300
811,0,654476,0,1057056572,0,2133085979276
821,1642,674040,2886640,1126791252,5615731672,2353825785300
823,0,674036,0,1091441348,0,2210492285396
827,0,683928,0,1121622984,0,2299120757208
829,1658,683924,3033272,1105975256,6892005968,2235861449384
839,0,703920,0,1198939248,0,2552030497680
853,1706,724196,2881736,1233054056,6840053696,2622441329336
857,1714,734448,3007096,1260769356,6540414064,2705324429148
859,0,734444,0,1236468572,0,2601547367084
863,0,744768,0,1266884928,0,2693208616128
877,1754,765620,2809256,1368924920,4694206304,3056101877960
881,1762,776160,2586568,1370739996,8323499872,3025984849740
883,0,776156,0,1351572332,0,2943289684796
887,0,786768,0,1430312976,0,3248415472368
907,0,819020,0,1464971132,0,3273778305740
911,0,829920,0,1514709216,0,3455661127200
919,0,840884,0,1559806724,0,3619512996884
929,1858,863040,3339160,1563848892,7521219088,3539884443180
937,1874,874220,2726696,1595434208,4079180864,3634047754160
941,1882,885480,3052864,1620221796,6609690952,3702765856260
947,0,896808,0,1736455896,0,4200792136008
953,1906,908208,4998136,1757689740,13616488816,4251179121948
967,0,931220,0,1756259108,0,4136258752820
971,0,942840,0,1858197672,0,4576809598200
977,1954,954528,2083096,1839791196,1598844304,4431757660428
983,0,966288,0,1887807312,0,4610006578608
991,0,978116,0,1905503540,0,4638554466116
997,1994,990020,5000936,1987422920,12159693344,4989152831000
1009,2018,1014044,3175688,2054730128,6538161248,5203197185504
1013,2026,1026168,4187296,2107969236,9674123176,5411756254548
1019,0,1038360,0,2149028424,0,5558338218840
1021,2042,1038356,3904904,2137191512,8568780032,5499274587176
1031,0,1062960,0,2174532336,0,5560290132240
1033,2066,1062956,5368616,2217253664,18392695616,5784709704176
1039,0,1075364,0,2221364564,0,5739163938404
1049,2098,1100400,4077928,2289391308,9434493568,5953452208860
1051,0,1100396,0,2259620828,0,5794174960556
1061,2122,1125720,5009152,2377704564,16472786632,6277490617140
1063,0,1125716,0,2446226276,0,6637308149876
1069,2138,1138484,5445320,2383257464,13901106368,6235203610184
1087,0,1177220,0,2542202228,0,6866837501060
1091,0,1190280,0,2643259320,0,7335142437480
1093,2186,1190276,1519256,2586497288,-1973392144,7023059673176
1097,2194,1203408,6014056,2676174444,18019679104,7437857939388
1103,0,1216608,0,2665148256,0,7297612637088
1109,2218,1229880,5043040,2661429780,14329760488,7194599138580
1117,2234,1243220,4004696,2821102232,8739862064,7999217542760
1123,0,1256636,0,2761994252,0,7579101464156
1129,2258,1270124,6226376,2847054176,19244793248,7971714830384
1151,0,1324800,0,3048281856,0,8767381582080
1153,2306,1324796,3419336,3048155888,6059386976,8771633076416
1163,0,1352568,0,3061886760,0,8657665126008
1171,0,1366556,0,3275031596,0,9809561807996
1181,2362,1394760,4696864,3330230148,15608690152,9938226156900
1187,0,1408968,0,3372339960,0,10088877901608
1193,2386,1423248,3446056,3345728940,9466422976,9829093086588
1201,2402,1437596,5887400,3533026832,18959911232,10854703700576
1213,2426,1466516,5125976,3546804440,10060233776,10723091975336
1217,2434,1481088,4393096,3682219644,15170143264,11438192290668
1223,0,1495728,0,3656636784,0,11174316701328
1229,2458,1510440,7111360,3667730724,21465471688,11131054289220
1231,0,1510436,0,3671561684,0,11153630475236
1237,2474,1525220,8008376,3725566568,32349037904,11367125752760
1249,2498,1555004,5955560,3850977584,16017792128,11923168398464
1259,0,1585080,0,3996945000,0,12598369402680
1277,2554,1630728,10137136,4273140420,36278979544,13987626008868
1279,0,1630724,0,4183797236,0,13411112999684
1283,0,1646088,0,4190115384,0,13331555085288
1289,2578,1661520,2675464,4373601516,400133728,14384611572540
1291,0,1661516,0,4331892860,0,14121484320716
1297,2594,1677020,10950536,4380103760,44663363744,14294877735200
1301,2602,1692600,6745312,4365990036,20790178792,14076284613780
1303,0,1692596,0,4497261572,0,14935258400276
1307,0,1708248,0,4530967560,0,15019310024088
1319,0,1739760,0,4477868208,0,14397709584720
1321,2642,1739756,5876936,4525393376,18628411232,14708001909296
1327,0,1755620,0,4630918676,0,15277380253220
1361,2722,1852320,10310776,4910610780,36851217712,16261252036620
1367,0,1868688,0,5144421456,0,17702138970288
1373,2746,1885128,6377536,5209636356,16513114696,17995608161508
1381,2762,1901636,5509688,5303489480,14658323792,18478041358616
1399,0,1951604,0,5395166276,0,18650049874004
1409,2818,1985280,8538328,5645122812,30394734928,20063198877420
1423,0,2019236,0,5739255380,0,20390306949476
1427,0,2036328,0,5821019928,0,20799810423048
1429,2858,2036324,6724232,5931355880,21215464448,21594194846264
1433,2866,2053488,12771016,5954753484,55867748896,21581735668188
1439,0,2070720,0,6008368320,0,21790795187520
1447,0,2088020,0,6084195428,0,22147911473780
1451,0,2105400,0,6120980712,0,22244160843960
1453,2906,2105396,12204536,5992097912,50263646096,21320057141576
1459,0,2122844,0,6059879660,0,21615299398844
1471,0,2157956,0,6292926068,0,22928376141956
1481,2962,2193360,10947880,6436866924,46914212032,23610850350780
1483,0,2193356,0,6527148284,0,24266760524876
1487,0,2211168,0,6638619744,0,24911809330848
1489,2978,2211164,8650760,6477365456,35965555808,23699756704544
1493,2986,2229048,14791936,6651158292,70631910856,24807612802068
1499,0,2247000,0,6803638920,0,25748219717400
1511,0,2283120,0,7065450288,0,27316283121360
1523,0,2319528,0,7040133720,0,26709558285768
1531,0,2337836,0,7084072220,0,26841924065516
1543,0,2374676,0,7143539876,0,26838342204596
1549,3098,2393204,7828040,7306038968,20010784448,27883903249544
1553,3106,2411808,11482696,7457771484,61197157216,28825496781708
1559,0,2430480,0,7607034576,0,29760659646000
1567,0,2449220,0,7574498996,0,29261826940100
1571,0,2468040,0,7742947320,0,30364734118440
1579,0,2486924,0,8005421372,0,32187812648204
1583,0,2505888,0,7875290016,0,30935537110368
1597,3194,2544020,11937656,8082602456,61109033744,32088174248360
1601,3202,2563200,4055080,8301990780,-150629888,33607454741100
1607,0,2582448,0,8257607280,0,33004675801488
1609,3218,2582444,14829416,8466940064,66201532928,34690596013424
1613,3226,2601768,5924176,8460025380,8232535096,34384110653508
1619,0,2621160,0,8311004568,0,32925172765320
1621,3242,2621156,9925112,8530594664,34507110032,34696523268536
1627,0,2640620,0,8602748252,0,35020744071980
1637,3274,2679768,10024816,8616105972,40609829464,34617033992628
1657,3314,2739020,6401096,9093964736,20971726304,37759711723280
1663,0,2758916,0,9333190388,0,39472782525956
1667,0,2778888,0,9139561272,0,37567139503848
1669,3338,2778884,10474232,9149613704,45761888528,37665962068184
1693,3386,2859476,7004936,9796309016,24708661376,41928927173096
1697,3394,2879808,19011736,9934580412,92530397584,42828432692268
1699,0,2879804,0,9664668044,0,40548541337564
1709,3418,2920680,13541152,10100881764,59257253608,43660164678660
1721,3442,2961840,20029192,10069862796,100313238112,42788676584220
1723,0,2961836,0,10313977244,0,44870174438636
1733,3466,3003288,7342336,10526862132,21674345416,46116554305908
1741,3482,3024116,12041960,10512538424,46220979872,45662814102536
1747,0,3045020,0,10545141164,0,45648802335740
1753,3506,3065996,13914536,10719941120,62508261056,46867345362896
1759,0,3087044,0,10793135924,0,47153779827524
1777,3554,3150620,14659976,11359411088,63790449824,51196458758240
1783,0,3171956,0,11300173124,0,50311391797076
1787,0,3193368,0,11252542536,0,49553458868568
1789,3578,3193364,11376104,11213125208,58496994848,49197404594984
1801,3602,3236396,12416264,11785825568,65842517792,53666784511856
1811,0,3279720,0,11818877976,0,53237110561800
1823,0,3323328,0,12172003776,0,55725256147008
1831,0,3345236,0,12404634980,0,57506468275316
1847,0,3411408,0,12412735632,0,56443077203568
1861,3722,3455876,13756904,12658066184,65503165472,57916429800536
1867,0,3478220,0,13100007932,0,61656532605260
1871,0,3500640,0,13042461024,0,60739806828960
1873,3746,3500636,14433896,13107419600,87376185536,61357437270176
1877,3754,3523128,15963616,13071146004,83521414504,60610536633108
1879,0,3523124,0,13189473668,0,61746203666324
1889,3778,3568320,7681576,13391692092,24092850688,62819979423660
1901,3802,3613800,14672608,14008987620,62199468712,67857660672900
1907,0,3636648,0,13967185752,0,67051058219208
1913,3826,3659568,7162696,13935335436,3381405856,66329279073948
1931,0,3728760,0,14400907560,0,69522491888760
1933,3866,3728756,8585096,14510200760,32100772736,70578321998216
1949,3898,3798600,14040064,14615835012,49694744968,70284487197540
1951,0,3798596,0,14847258548,0,72569749538756
1973,3946,3892728,11563216,15039852372,29798358136,72601471668948
1979,0,3916440,0,15683085000,0,78491599041240
1987,0,3940220,0,15421221452,0,75397088207900
1993,3986,3964076,13603496,15724585376,69770641856,77988232298096
1997,3994,3988008,17823136,16201366308,79841292904,82249587593028
1999,0,3988004,0,15996344276,0,80176433663204
2003,0,4012008,0,16236259992,0,82125086811528
2011,0,4036076,0,16282977884,0,82100637585836
2017,4034,4060220,12407336,16469916464,63813657344,83485794855680
2027,0,4108728,0,16666829928,0,84510075995448
2029,4058,4108724,3605720,16638148088,-17683119952,84252315623624
2039,0,4157520,0,17245556496,0,89393569094640
2053,4106,4206596,18056936,17293819784,101975808416,88898340612056
2063,0,4255968,0,17294784480,0,87829366802208
2069,4138,4280760,13850320,17713582740,60284405368,91622465434260
2081,4162,4330560,16569016,18056800188,75451025392,94112239065900
2083,0,4330556,0,17839538828,0,91851327827036
2087,0,4355568,0,17876996784,0,91691581005648
2089,4178,4355564,14200424,18087571424,67555712768,93857288061104
2099,0,4405800,0,18429246936,0,96359560770120
2111,0,4456320,0,18832277376,0,99480730166400
2113,4226,4456316,18156776,19055389040,120848398976,101873824915136
2129,4258,4532640,16241320,19185683292,77856537088,101507453664780
2131,0,4532636,0,18964666028,0,99131044796156
2137,4274,4558220,16518056,19285201664,65991241664,102010157619920
2141,4282,4583880,10180624,19430242308,27706571512,102940946299620
2143,0,4583876,0,19609858100,0,104832814188356
2153,4306,4635408,17130616,19973486124,104390594416,107579522950908
2161,4322,4661276,30718280,19992575120,206289795872,107167650542816
2179,0,4739324,0,20779137740,0,113895007351964
2203,0,4844396,0,21726271196,0,121797834081836
2207,0,4870848,0,21523785408,0,118889151298368
2213,4426,4897368,19192576,22006381428,83531499976,123579524274228
2221,4442,4923956,19855736,21473593976,133452063632,116979183271496
2237,4474,5004168,2947456,22553584452,-65591098616,127053335217828
2239,0,5004164,0,22209687668,0,123209445546884
2243,0,5031048,0,22897997496,0,130243801901928
2251,0,5057996,0,22315082492,0,123035915804876
2267,0,5139288,0,23696589960,0,136539420904728
2269,4538,5139284,24534920,23116805528,141938402048,130012351177064
2273,4546,5166528,36393256,23290904124,268185659776,131236046829228
2281,4562,5193836,18045128,23919524960,95426193632,137728504919216
2287,0,5221220,0,23980374164,0,137685499443620
2293,4586,5248676,20492936,24520632104,126858747776,143110422077816
2297,4594,5276208,24903736,24427265292,152315431984,141355266477468
2309,4618,5331480,19630288,24788934324,134276487928,144064830492660
2311,0,5331476,0,24922179236,0,145640062793396
2333,4666,5442888,19625776,25006186116,90554957656,143571990368868
2339,0,5470920,0,25131792888,0,144261467709480
2341,4682,5470916,27238616,25524130376,189780585392,148874273420696
2347,0,5499020,0,25674574652,0,149817546276620
2351,0,5527200,0,26038279584,0,153330255201120
2357,4714,5555448,20931376,25889160276,121016851864,150788719227348
2371,0,5612156,0,27058973516,0,162990619687196
2377,4754,5640620,26230376,26300119712,151188666944,153269609661680
2381,4762,5669160,22091248,27077437476,164368822552,161659994947140
2383,0,5669156,0,27347884244,0,164873781890276
2389,4778,5697764,17958920,27397717352,75443245568,164630848103864
2393,4786,5726448,23547496,27115068492,170658681856,160470738117468
2399,0,5755200,0,27304711488,0,161908356077760
2411,0,5812920,0,27899228520,0,167374981924920
2417,4834,5841888,41655736,28413350172,325214535664,172737036438348
2423,0,5870928,0,28230339600,0,169671562864368
2437,4874,5929220,26149256,28606560392,152450547584,172561461642200
2441,4882,5958480,23223688,28940874732,131051535712,175705932718140
2447,0,5987808,0,29693154528,0,184026498474528
2459,0,6046680,0,29217127176,0,176412859330200
2467,0,6076220,0,30030103436,0,185566485364700
2473,4946,6105836,21379976,30685145312,141789346976,192727578007856
2477,4954,6135528,32186896,30427161444,234071793784,188616850747908
2503,0,6254996,0,31181874980,0,194241764114996
2521,5042,6345356,24896648,31511653376,140515501472,195566680617296
2531,0,6405960,0,32121323640,0,201313707432360
2539,0,6436364,0,33066154940,0,212372233709324
2543,0,6466848,0,33441147936,0,216103554863328
2549,5098,6497400,8665936,33160811220,11253325048,211553479209300
2551,0,6497396,0,32672020292,0,205253269371476
2557,5114,6528020,19124696,33575630936,117453253424,215791628919080
2579,0,6651240,0,34393603608,0,222310524232200
2591,0,6713280,0,35140879296,0,229909422634560
2593,5186,6713276,41587976,35135502512,318642165536,229849002513536
2609,5218,6806880,24948184,35068063644,134254581328,225794786336460
2617,5234,6838220,43204616,35271262784,333469872224,227428899672080
2621,5242,6869640,40467904,36310356036,322961897032,239887419725220
2633,5266,6932688,30785176,36233316972,195642365776,236700775678908
2647,0,6996020,0,37067483012,0,245485657545620
2657,5314,7059648,28521736,37774154556,226384090144,252636465618348
2659,0,7059644,0,37438223372,0,248101066027484
2663,0,7091568,0,38022950448,0,254823873355728
2671,0,7123556,0,37490227604,0,246509399926436
2677,5354,7155620,26552696,38268645416,174948959504,255808856537720
2683,0,7187756,0,39146414108,0,266486688365036
2687,0,7219968,0,38334696192,0,254386924854528
2689,5378,7219964,25552328,38521999088,159320544608,256841226325184
2693,5386,7252248,25552096,39658482612,161973996136,271025934094068
2699,0,7284600,0,38871401256,0,259242545011320
2707,0,7317020,0,39694559276,0,269098010870780
2711,0,7349520,0,39317445072,0,262870717400880
2713,5426,7349516,52025576,40100665472,454567219136,273440211659216
2719,0,7382084,0,40414081460,0,276547316881604
2729,5458,7447440,39852088,40207802796,308918456368,271313626593660
2731,0,7447436,0,41322835004,0,286467632561036
2741,5482,7513080,18583552,40609298772,89489000392,274318554185940
2749,5498,7546004,24811112,41577792728,108835512608,286418657624744
2753,5506,7579008,33661336,41455792764,229311557776,283432145760108
2767,0,7645220,0,42294548948,0,292486111995620
2777,5554,7711728,41897656,43350483276,358454465584,304567685710428
2789,5578,7778520,30344656,44074036980,182260018168,312085547620020
2791,0,7778516,0,43588982756,0,305410294500596
2797,5594,7812020,13447736,43452780536,8132394704,302195844322760
2801,5602,7845600,36544984,43772268060,271045480912,305263385997900
2803,0,7845596,0,43489894508,0,301385374432316
2819,0,7946760,0,44890008120,0,316969660176360
2833,5666,8014556,15567656,45324398672,-2287956544,320467926939296
2837,5674,8048568,32452576,46085209236,205499233384,329821426565268
2843,0,8082648,0,45621028872,0,321856899625368
2851,0,8116796,0,45606626444,0,320229634143836
2857,5714,8151020,40688456,46718616032,381599668064,334647692206640
2861,5722,8185320,47397712,46544851044,409127046712,330826743931140
2879,0,8288640,0,48187177344,0,350146619464320
2887,0,8323220,0,47491770404,0,338776992295220
2897,5794,8392608,33488536,49281494364,223562331664,361663067083788
2903,0,8427408,0,49256962128,0,359858743585968
2909,5818,8462280,48185152,49086726660,443515021768,355915491428580
2917,5834,8497220,47875976,49316546504,382218001664,357732842387480
2927,0,8567328,0,49693428000,0,360267739212768
2939,0,8637720,0,51032740680,0,376875055749720
2953,5906,8708396,42566696,51084165152,344756645696,374511942350576
2957,5914,8743848,42242896,51645467556,365119294264,381303813604548
2963,0,8779368,0,51403991832,0,376163591476488
2969,5938,8814960,35428936,52646299596,241613215648,393016683234780
2971,0,8814956,0,53114804444,0,399874931822636
2999,0,8994000,0,54362638224,0,410707544192880
3001,6002,8993996,32159048,53967346496,200532668192,404776414478096
