3,3,5,9,17,33,65
5,5,9,17,33,65,129
7,7,41,127,545,2047,8321
11,11,109,329,2353,9761,63169
13,13,129,433,3201,15553,101889
17,17,237,359,7089,9887,241857
19,19,341,457,12881,15649,650561
23,23,505,1151,23137,67583,1259905
29,29,753,2033,41793,200129,2999553
31,31,929,2047,57473,131071,4223489
37,37,1257,3985,87969,399937,7438977
41,41,1557,6119,127185,753311,13111617
43,43,1805,4489,155057,597793,17293505
47,47,2161,4607,202945,565247,23366401
53,53,2649,209,272481,-613567,36384129
59,59,3421,9353,403441,1592609,56856001
61,61,3537,2929,430785,231361,65206017
67,67,4421,6985,592145,1057057,99296321
71,71,4969,19583,705313,3950591,126592129
73,73,5109,8839,733521,1738783,130557249
79,79,6161,6655,973121,696319,195738881
83,83,6805,17033,1129297,3537953,228634945
89,89,7653,18503,1355793,4780319,313105473
97,97,9117,10279,1751409,1239967,412093377
101,101,9897,30353,1959585,9309761,493045377
103,103,10505,12415,2163617,-587777,553350785
107,107,11341,30665,2426545,10794017,667051201
109,109,11553,24625,2484993,4655809,654820353
113,113,12429,17351,2807601,1653023,779043009
127,127,16001,20479,4063745,7897087,1289021441
131,131,17029,-9271,4461073,-10546399,1468872769
137,137,18357,19943,4985169,1822367,1691675457
139,139,19181,51337,5331761,23938849,1813524161
149,149,21753,48977,6471393,15823169,2433602433
151,151,22649,46207,6839393,20252671,2611216769
157,157,24177,52465,7562049,19647937,2899333377
163,163,26405,50569,8607377,21905953,3450339905
167,167,27721,74879,9258145,34326527,3952917121
173,173,29409,59441,10065921,22505153,4289266689
179,179,31861,84233,11405521,43321889,5085069121
181,181,32217,92113,11660385,53424961,5347131777
191,191,36289,36863,13861633,16023551,6524832769
193,193,36669,85159,14117361,43788703,6836700609
197,197,38217,69905,14904609,28572737,7147834497
199,199,39401,147583,15680801,95160319,7717440641
211,211,44309,121609,18697553,86967841,9960225089
223,223,49505,51199,22078337,16646143,12323167745
227,227,51301,141065,23289745,71788577,13401314881
229,229,51753,83857,23506593,44854849,13333553793
233,233,53589,89351,24927441,52014623,14628961089
239,239,56881,59903,27188161,25927679,15848544001
241,241,57357,121063,27470385,82204831,16687952577
251,251,62749,97673,31498993,63097121,19838904769
257,257,65277,115847,33291249,43726367,21392117697
263,263,68905,167039,36242977,136464383,23675293825
269,269,71553,212657,38475393,182219969,26519501313
271,271,73169,86527,39656513,38838271,27255048449
277,277,75897,208465,41992929,170377537,28617140097
281,281,78117,87623,43687185,53735711,30190692417
283,283,79805,192073,45168497,135961633,31418774465
293,293,84969,253073,49465761,219468353,35614932609
307,307,93941,263881,57678545,226833697,44052969281
311,311,96409,167039,59965153,114788351,45830552449
313,313,97029,149671,60736401,76252063,47702984769
317,317,99537,133745,63082689,59494337,50082204417
331,331,109229,75721,72308273,-21757919,59561007809
337,337,112557,260167,75739569,231903007,63834151617
347,347,120061,-50167,83320945,-219801823,73647560641
349,349,120753,149233,83926593,122286529,71742355713
353,353,123549,226439,87021681,194831903,76678881729
359,359,128521,434303,92276641,470353919,82419615361
367,367,134321,381439,98590145,418684927,88821333761
373,373,138009,85969,102650721,10880833,96976585089
379,379,143261,369673,108590321,398891809,103945777601
383,383,146305,294911,112068097,276824063,107079849985
389,389,150153,372497,116674593,422314049,112370893953
397,397,156417,316081,123771009,485182657,123855981057
401,401,159597,304487,127358385,240952991,126636591297
409,409,166053,169255,135218193,-5553761,139155808833
419,419,175141,435017,146766481,477322529,154850157121
421,421,175977,528529,148167585,657107521,155167600257
431,431,185329,207359,159751873,52273151,173113590529
433,433,186189,206311,161153841,9770143,171633399489
439,439,192281,334975,168820961,244090879,186336641921
443,443,195805,440009,173481457,486402593,190306866625
449,449,200253,212903,179332593,-35050081,198858364353
457,457,207477,274279,188909649,244338847,217844553537
461,461,211137,634289,194393985,887922881,226322525697
463,463,213905,989695,198074177,1508286463,230160504065
467,467,217621,633161,203256145,929725217,234644224321
479,479,228961,460799,219342721,591790079,261361282561
487,487,236681,316543,230525345,216516607,281738358401
491,491,240589,157193,236256433,-134647519,290787388609
499,499,248501,667273,248002001,1050751009,310004933441
503,503,252505,268415,254018017,-155006977,322136164225
509,509,257553,491633,261344193,646648769,327822701313
521,521,269877,397799,280898385,275697311,366961230657
523,523,273005,793033,285561137,1034383393,376231900865
541,541,291057,-276239,314456385,-969222719,419392676097
547,547,298661,53833,326732945,-229373663,450177747521
557,557,308577,784433,343643649,1109200577,484267222017
563,563,316405,119753,356269777,-220583647,494751860545
569,569,322053,817703,366280593,1357395359,519008032833
571,571,325469,95689,371683313,-730307039,529547689409
577,577,331197,977287,380876529,2121755167,543815009217
587,587,343981,1021001,403831345,1689311777,593180871361
593,593,349869,989639,414077361,1779173663,615515173569
599,599,358201,360575,429122401,365905919,648242175361
601,601,359397,409927,430778385,419339551,644782308417
607,607,367841,739327,446556545,1641709567,673794250241
613,613,373929,980881,458429601,1419826753,693769966209
617,617,378837,1292039,467438289,2486734367,714860837697
619,619,382541,1097545,473583281,1928874529,731503387841
631,631,397529,460927,501679073,520865791,789856751489
641,641,408957,1540007,522796785,3449998751,839519254977
643,643,412805,1148233,530864657,2030506273,841958307905
647,647,417961,904319,540838945,1357006847,887445072001
653,653,424449,1022129,553930881,2090183873,914441097729
659,659,433621,420233,571509841,143937569,931912975681
661,661,434937,1269073,573596385,1936507201,951816899457
673,673,450909,987175,606327921,2113817503,1027904919489
677,677,456297,574865,616000929,351478337,1030169307777
683,683,465805,1179401,636286897,2864180513,1071847606465
691,691,476789,1231369,658919633,2573905441,1153016995649
701,701,489297,1455473,684296385,2919624641,1194442678017
709,709,500553,-136175,709512993,-1932061631,1256993194113
719,719,516241,1534463,742351681,3486228479,1329425245441
727,727,527801,2445439,767419745,5912741887,1385972786561
733,733,535089,573169,782335041,1644714433,1429170460929
739,739,545381,1437193,806070161,3589989409,1493921035841
743,743,551305,1107071,819236257,1695074303,1520032923265
751,751,563249,1284607,845996993,2506268671,1577692657409
757,757,570777,1628881,862737249,3773441857,1623615399297
761,761,576837,752039,877936785,1047502751,1679521549377
769,769,589053,721063,905034993,1378044319,1750211559873
773,773,595209,183569,920037921,-722921407,1772916956289
787,787,618581,1259785,973643345,2483459617,1915506806081
797,797,632817,1898225,1007475009,5249185217,2012383099137
809,809,652053,1148903,1052714193,1658846879,2137800917313
811,811,656909,1771849,1065503153,3983047201,2186676453569
821,821,671577,195281,1101989985,-1061239999,2252761183617
823,823,676505,949375,1113523937,1178568703,2314493647745
827,827,683101,813641,1129845745,952807457,2330396798401
829,829,684753,2019697,1133734593,4365125569,2317784936193
839,839,703081,710783,1179766561,1754695679,2464154678401
853,853,725049,2115409,1236762081,5136950593,2656190411649
857,857,731877,996263,1251711249,1656336287,2681222190657
859,859,737021,1264393,1266198641,1870103329,2707010484161
863,863,743905,2303999,1283976577,6218317823,2798888338945
877,877,766497,2102833,1341840129,4524624577,2910772653057
881,881,773517,2261447,1362388785,5933635871,3012884916417
883,883,778805,2273353,1375366097,5999614753,3016808590145
887,887,785881,2931839,1394149345,7528286207,3059496992641
907,907,821741,919561,1490634545,588315937,3377674321601
911,911,829009,1221119,1510450753,1723441151,3418014789889
919,919,843641,2546815,1550608481,5443389439,3576848183681
929,929,860253,1101095,1598279793,1047299999,3700261349313
937,937,875157,2076679,1639855569,4991648287,3881160593217
941,941,882657,2608433,1658960385,7787888321,3876506587137
947,947,895861,2277833,1696756945,5959057697,4038239895361
953,953,905349,2393639,1724078481,6738654623,4082811449409
967,967,934121,940159,1806586145,1984268287,4328156675201
971,971,941869,2819081,1829105713,9201083681,4496415945409
977,977,951597,1281383,1855844529,2730034847,4530982114497
983,983,965305,1595519,1897785697,3670001663,4686228403585
991,991,981089,2385919,1944514433,6975291391,4782858792449
997,997,991017,2388625,1972661409,7342372417,4936542217857
1009,1009,1015053,1226215,2047122993,1201730719,5136300516033
